   EFITD   05/28/2020    #183244  3100             3  65  65
  1.70000005e+00  3.20000005e+00  1.69550002e+00  8.39999974e-01  0.00000000e+00
  1.75375986e+00  2.19197087e-02 -3.71718913e-01 -5.19113988e-02 -2.00960135e+00
  1.28392988e+06 -3.71718913e-01  0.00000000e+00  1.75375986e+00  0.00000000e+00
  2.19197087e-02  0.00000000e+00 -5.19113988e-02  0.00000000e+00  0.00000000e+00
 -3.51317215e+00 -3.50808692e+00 -3.50316453e+00 -3.49840260e+00 -3.49379897e+00
 -3.48935127e+00 -3.48505712e+00 -3.48091412e+00 -3.47692013e+00 -3.47307229e+00
 -3.46936870e+00 -3.46580648e+00 -3.46238303e+00 -3.45909619e+00 -3.45594335e+00
 -3.45292163e+00 -3.45002866e+00 -3.44726157e+00 -3.44461799e+00 -3.44209504e+00
 -3.43968987e+00 -3.43740034e+00 -3.43522310e+00 -3.43315554e+00 -3.43119526e+00
 -3.42933893e+00 -3.42758417e+00 -3.42592788e+00 -3.42436743e+00 -3.42289972e+00
 -3.42152190e+00 -3.42023134e+00 -3.41902518e+00 -3.41790032e+00 -3.41685390e+00
 -3.41588283e+00 -3.41498470e+00 -3.41415596e+00 -3.41339421e+00 -3.41269588e+00
 -3.41205883e+00 -3.41147947e+00 -3.41095495e+00 -3.41048241e+00 -3.41005898e+00
 -3.40968156e+00 -3.40934706e+00 -3.40905261e+00 -3.40879536e+00 -3.40857196e+00
 -3.40837979e+00 -3.40821576e+00 -3.40807676e+00 -3.40795994e+00 -3.40786242e+00
 -3.40778089e+00 -3.40771246e+00 -3.40765405e+00 -3.40760303e+00 -3.40755606e+00
 -3.40751028e+00 -3.40746260e+00 -3.40741038e+00 -3.40735006e+00 -3.40727901e+00
  9.13435781e+04  8.95378359e+04  8.77441016e+04  8.59623828e+04  8.41926875e+04
  8.24350000e+04  8.06893359e+04  7.89556797e+04  7.72340469e+04  7.55244297e+04
  7.38268203e+04  7.21412344e+04  7.04676641e+04  6.88061094e+04  6.71565703e+04
  6.55190430e+04  6.38935352e+04  6.22800469e+04  6.06785703e+04  5.90891094e+04
  5.75116680e+04  5.59462383e+04  5.43928281e+04  5.28514297e+04  5.13220508e+04
  4.98046875e+04  4.82993398e+04  4.68060078e+04  4.53246953e+04  4.38553945e+04
  4.23981094e+04  4.09528438e+04  3.95195898e+04  3.80983555e+04  3.66891367e+04
  3.52919336e+04  3.39067461e+04  3.25335742e+04  3.11724199e+04  2.98232793e+04
  2.84861562e+04  2.71610488e+04  2.58479570e+04  2.45468828e+04  2.32578223e+04
  2.19807793e+04  2.07157520e+04  1.94627402e+04  1.82217461e+04  1.69927676e+04
  1.57758037e+04  1.45708564e+04  1.33779248e+04  1.21970098e+04  1.10281104e+04
  9.87122754e+03  8.72636035e+03  7.59350928e+03  6.47267432e+03  5.36385498e+03
  4.26705225e+03  3.18226514e+03  2.10949414e+03  1.04873901e+03  0.00000000e+00
 -3.63268757e+00 -3.51241708e+00 -3.39418888e+00 -3.27800298e+00 -3.16385937e+00
 -3.05175805e+00 -2.94169903e+00 -2.83368230e+00 -2.72770786e+00 -2.62377572e+00
 -2.52188587e+00 -2.42203832e+00 -2.32423306e+00 -2.22847009e+00 -2.13474941e+00
 -2.04307103e+00 -1.95343506e+00 -1.86584139e+00 -1.78028989e+00 -1.69678080e+00
 -1.61531389e+00 -1.53588939e+00 -1.45850706e+00 -1.38316715e+00 -1.30986953e+00
 -1.23861408e+00 -1.16940105e+00 -1.10223031e+00 -1.03710186e+00 -9.74015653e-01
 -9.12971795e-01 -8.53970230e-01 -7.97010958e-01 -7.42093980e-01 -6.89219296e-01
 -6.38386905e-01 -5.89596868e-01 -5.42849064e-01 -4.98143584e-01 -4.55480397e-01
 -4.14859504e-01 -3.76280904e-01 -3.39744627e-01 -3.05250615e-01 -2.72798926e-01
 -2.42389530e-01 -2.14022428e-01 -1.87697619e-01 -1.63415119e-01 -1.41174912e-01
 -1.20977007e-01 -1.02821395e-01 -8.67080837e-02 -7.26370737e-02 -6.06083535e-02
 -5.06219380e-02 -4.26778197e-02 -3.67759988e-02 -3.29164751e-02 -3.10992505e-02
 -3.13243233e-02 -3.35916951e-02 -3.79013643e-02 -4.42533344e-02 -5.26475981e-02
 -3.62569281e+05 -3.60164656e+05 -3.57760000e+05 -3.55355344e+05 -3.52950688e+05
 -3.50546031e+05 -3.48141406e+05 -3.45736750e+05 -3.43332094e+05 -3.40927438e+05
 -3.38522781e+05 -3.36118156e+05 -3.33713500e+05 -3.31308844e+05 -3.28904188e+05
 -3.26499562e+05 -3.24094906e+05 -3.21690250e+05 -3.19285594e+05 -3.16880938e+05
 -3.14476312e+05 -3.12071656e+05 -3.09667000e+05 -3.07262344e+05 -3.04857719e+05
 -3.02453062e+05 -3.00048406e+05 -2.97643750e+05 -2.95239094e+05 -2.92834469e+05
 -2.90429812e+05 -2.88025156e+05 -2.85620500e+05 -2.83215875e+05 -2.80811219e+05
 -2.78406562e+05 -2.76001906e+05 -2.73597250e+05 -2.71192625e+05 -2.68787969e+05
 -2.66383312e+05 -2.63978656e+05 -2.61574016e+05 -2.59169359e+05 -2.56764719e+05
 -2.54360062e+05 -2.51955422e+05 -2.49550766e+05 -2.47146125e+05 -2.44741469e+05
 -2.42336812e+05 -2.39932172e+05 -2.37527516e+05 -2.35122875e+05 -2.32718219e+05
 -2.30313578e+05 -2.27908922e+05 -2.25504281e+05 -2.23099625e+05 -2.20694969e+05
 -2.18290328e+05 -2.15885672e+05 -2.13481031e+05 -2.11076375e+05 -2.08671734e+05
 -5.64885475e-02 -6.68955594e-02 -7.83390701e-02 -9.07999277e-02 -1.04136966e-01
 -1.18070833e-01 -1.32197812e-01 -1.46040693e-01 -1.55187622e-01 -1.55096993e-01
 -1.55556411e-01 -1.60682544e-01 -1.67797238e-01 -1.72180593e-01 -1.74496830e-01
 -1.74956992e-01 -1.73530191e-01 -1.70045123e-01 -1.64125785e-01 -1.55036166e-01
 -1.41390905e-01 -1.27619356e-01 -1.17119864e-01 -1.08810261e-01 -1.02153540e-01
 -9.69129354e-02 -9.30436254e-02 -9.06700864e-02 -9.01214182e-02 -9.18995738e-02
 -9.17475000e-02 -8.82357508e-02 -8.17623511e-02 -7.20538497e-02 -5.89504950e-02
 -4.19791974e-02 -2.27400400e-02 -5.53126493e-03  1.03095695e-02  2.52021793e-02
  3.94154377e-02  5.31257503e-02  6.64495826e-02  7.94619694e-02  9.22078341e-02
  1.04709312e-01  1.16970688e-01  1.28981724e-01  1.40720189e-01  1.52153865e-01
  1.63242415e-01  1.73939228e-01  1.84193462e-01  1.93952426e-01  2.03163862e-01
  2.11778671e-01  2.19753340e-01  2.27052301e-01  2.33649805e-01  2.39531249e-01
  2.44693831e-01  2.49146521e-01  2.52909273e-01  2.56011754e-01  2.58491576e-01
 -5.86129762e-02 -7.05357268e-02 -8.41338784e-02 -9.96007919e-02 -1.16907656e-01
 -1.35656223e-01 -1.52548909e-01 -1.62842393e-01 -1.65568978e-01 -1.60489619e-01
 -1.56798020e-01 -1.57058552e-01 -1.59127831e-01 -1.60778642e-01 -1.61453053e-01
 -1.60923943e-01 -1.59005061e-01 -1.55490756e-01 -1.50136441e-01 -1.42677814e-01
 -1.33083463e-01 -1.23115361e-01 -1.14396393e-01 -1.06991693e-01 -1.00805447e-01
 -9.57885906e-02 -9.19799507e-02 -8.95383060e-02 -8.88027921e-02 -9.02478918e-02
 -8.98058414e-02 -8.60150680e-02 -7.92135149e-02 -6.92586526e-02 -5.59149832e-02
 -3.86475958e-02 -1.91759393e-02 -1.57242129e-03  1.47773949e-02  3.02765891e-02
  4.51789349e-02  5.96500933e-02  7.37991780e-02  8.76961052e-02  1.01381719e-01
  1.14873916e-01  1.28171548e-01  1.41257003e-01  1.54098094e-01  1.66649669e-01
  1.78855255e-01  1.90649137e-01  2.01958731e-01  2.12707743e-01  2.22819790e-01
  2.32222378e-01  2.40851104e-01  2.48653457e-01  2.55592108e-01  2.61647075e-01
  2.66816735e-01  2.71117449e-01  2.74582028e-01  2.77257174e-01  2.79200375e-01
 -5.69204949e-02 -6.95881993e-02 -8.45967755e-02 -1.02798723e-01 -1.24499746e-01
 -1.41574532e-01 -1.52099028e-01 -1.55726165e-01 -1.52191386e-01 -1.47489309e-01
 -1.44325480e-01 -1.42726704e-01 -1.42086163e-01 -1.41717404e-01 -1.41087368e-01
 -1.39838919e-01 -1.37736022e-01 -1.34625196e-01 -1.30433917e-01 -1.25209570e-01
 -1.19186863e-01 -1.12789787e-01 -1.06462635e-01 -1.00505546e-01 -9.50764194e-02
 -9.02557671e-02 -8.60924125e-02 -8.26191604e-02 -7.98254386e-02 -7.74039775e-02
 -7.39606842e-02 -6.85535520e-02 -6.09719120e-02 -5.11066653e-02 -3.88769023e-02
 -2.43369434e-02 -8.46419297e-03  7.35786743e-03  2.28764862e-02  3.81113477e-02
  5.31202294e-02  6.79603070e-02  8.26774091e-02  9.73027870e-02  1.11852229e-01
  1.26325801e-01  1.40707731e-01  1.54966220e-01  1.69053227e-01  1.82904616e-01
  1.96440622e-01  2.09567398e-01  2.22179547e-01  2.34164104e-01  2.45406017e-01
  2.55794615e-01  2.65230775e-01  2.73633808e-01  2.80947328e-01  2.87143171e-01
  2.92222917e-01  2.96216846e-01  2.99180657e-01  3.01190257e-01  3.02335829e-01
 -5.02810217e-02 -6.21489026e-02 -7.62467235e-02 -9.32166725e-02 -1.12321459e-01
 -1.24300607e-01 -1.28005624e-01 -1.28022254e-01 -1.27348080e-01 -1.26419842e-01
 -1.25561684e-01 -1.24903046e-01 -1.24380901e-01 -1.23817965e-01 -1.23006850e-01
 -1.21762425e-01 -1.19944759e-01 -1.17468096e-01 -1.14307813e-01 -1.10507503e-01
 -1.06179245e-01 -1.01485655e-01 -9.66028348e-02 -9.16822776e-02 -8.68296921e-02
 -8.20998624e-02 -7.74947181e-02 -7.29520097e-02 -6.83171228e-02 -6.33099973e-02
 -5.75508811e-02 -5.06809317e-02 -4.24580872e-02 -3.27686854e-02 -2.16252767e-02
 -9.18669812e-03  4.24388284e-03  1.83212981e-02  3.27872783e-02  4.74963561e-02
  6.23789914e-02  7.74057657e-02  9.25650224e-02  1.07849926e-01  1.23250596e-01
  1.38748914e-01  1.54314578e-01  1.69901744e-01  1.85446098e-01  2.00862214e-01
  2.16041893e-01  2.30853796e-01  2.45145261e-01  2.58747131e-01  2.71481842e-01
  2.83174604e-01  2.93666631e-01  3.02828282e-01  3.10570568e-01  3.16852659e-01
  3.21684599e-01  3.25124383e-01  3.27270538e-01  3.28251392e-01  3.28212887e-01
 -3.87267433e-02 -4.83899042e-02 -5.97003847e-02 -7.24967420e-02 -8.51030797e-02
 -9.24458131e-02 -9.74536017e-02 -1.00860864e-01 -1.03159875e-01 -1.04704052e-01
 -1.05738252e-01 -1.06406391e-01 -1.06763013e-01 -1.06796086e-01 -1.06455490e-01
 -1.05679072e-01 -1.04412012e-01 -1.02619521e-01 -1.00294299e-01 -9.74591598e-02
 -9.41643566e-02 -9.04790387e-02 -8.64780545e-02 -8.22276622e-02 -7.77733997e-02
 -7.31311813e-02 -6.82807267e-02 -6.31599575e-02 -5.76618835e-02 -5.16392179e-02
 -4.49226089e-02 -3.73506397e-02 -2.87994705e-02 -1.92022938e-02 -8.55772104e-03
  3.07189394e-03  1.55751538e-02  2.88193170e-02  4.26800214e-02  5.70592396e-02
  7.18885288e-02  8.71234834e-02  1.02735616e-01  1.18704572e-01  1.35011300e-01
  1.51632130e-01  1.68533191e-01  1.85664564e-01  2.02954307e-01  2.20301956e-01
  2.37572238e-01  2.54590005e-01  2.71138310e-01  2.86962390e-01  3.01781029e-01
  3.15306813e-01  3.27272266e-01  3.37457597e-01  3.45714539e-01  3.51982147e-01
  3.56291443e-01  3.58758658e-01  3.59567463e-01  3.58944803e-01  3.57135206e-01
 -2.27364078e-02 -2.92763803e-02 -3.89925502e-02 -4.92546782e-02 -5.85041679e-02
 -6.63245693e-02 -7.26586357e-02 -7.76930004e-02 -8.16570073e-02 -8.47560242e-02
 -8.71529281e-02 -8.89636576e-02 -9.02596861e-02 -9.10756961e-02 -9.14202109e-02
 -9.12870988e-02 -9.06658173e-02 -8.95493254e-02 -8.79391730e-02 -8.58475864e-02
 -8.32966492e-02 -8.03147778e-02 -7.69312829e-02 -7.31700882e-02 -6.90436140e-02
 -6.45477548e-02 -5.96583039e-02 -5.43294176e-02 -4.84948158e-02 -4.20727022e-02
 -3.49746048e-02 -2.71169432e-02 -1.84325576e-02 -8.87953956e-03  1.55449507e-03
  1.28534054e-02  2.49786135e-02  3.78787965e-02  5.15003316e-02  6.57955408e-02
  8.07271004e-02  9.62689221e-02  1.12404406e-01  1.29123345e-01  1.46417901e-01
  1.64277896e-01  1.82685181e-01  2.01606587e-01  2.20984906e-01  2.40727127e-01
  2.60689914e-01  2.80662924e-01  3.00353497e-01  3.19379747e-01  3.37282211e-01
  3.53561461e-01  3.67737085e-01  3.79411489e-01  3.88321668e-01  3.94371808e-01
  3.97643894e-01  3.98382992e-01  3.96954417e-01  3.93782586e-01  3.89291584e-01
 -7.76710501e-03 -1.21331234e-02 -2.06442457e-02 -3.01523767e-02 -3.87497284e-02
 -4.63708937e-02 -5.29984869e-02 -5.86695932e-02 -6.34600148e-02 -6.74598664e-02
 -7.07554743e-02 -7.34193176e-02 -7.55059719e-02 -7.70523101e-02 -7.80803934e-02
 -7.86016807e-02 -7.86214992e-02 -7.81429783e-02 -7.71698132e-02 -7.57077411e-02
 -7.37645924e-02 -7.13490844e-02 -6.84686080e-02 -6.51265979e-02 -6.13197312e-02
 -5.70356436e-02 -5.22514060e-02 -4.69333008e-02 -4.10380140e-02 -3.45155001e-02
 -2.73132231e-02 -1.93812158e-02 -1.06769782e-02 -1.16929621e-03  9.15985368e-03
  2.03156210e-02  3.22927088e-02  4.50793169e-02  5.86616285e-02  7.30279461e-02
  8.81717429e-02  1.04093388e-01  1.20800622e-01  1.38307974e-01  1.56635195e-01
  1.75804719e-01  1.95837796e-01  2.16748387e-01  2.38533720e-01  2.61159033e-01
  2.84533322e-01  3.08471799e-01  3.32642347e-01  3.56504977e-01  3.79281521e-01
  4.00022089e-01  4.17783797e-01  4.31806684e-01  4.41604763e-01  4.47009653e-01
  4.48206782e-01  4.45740134e-01  4.40409839e-01  4.33073938e-01  4.24485624e-01
  4.32457542e-03  1.25584088e-03 -6.42077532e-03 -1.52169028e-02 -2.33258642e-02
 -3.07109393e-02 -3.73522379e-02 -4.32543941e-02 -4.84415852e-02 -5.29499091e-02
 -5.68196811e-02 -6.00893162e-02 -6.27915338e-02 -6.49516284e-02 -6.65874034e-02
 -6.77101687e-02 -6.83262199e-02 -6.84384331e-02 -6.80475309e-02 -6.71529323e-02
 -6.57530501e-02 -6.38450980e-02 -6.14245757e-02 -5.84843531e-02 -5.50135560e-02
 -5.09965606e-02 -4.64123636e-02 -4.12345454e-02 -3.54319774e-02 -2.89702322e-02
 -2.18135715e-02 -1.39272064e-02 -5.27942879e-03  4.15676972e-03  1.44029241e-02
  2.54753288e-02  3.73862460e-02  5.01458757e-02  6.37647882e-02  7.82564282e-02
  9.36394930e-02  1.09939903e-01  1.27192467e-01  1.45442143e-01  1.64745122e-01
  1.85169399e-01  2.06795111e-01  2.29713783e-01  2.54025608e-01  2.79832184e-01
  3.07219535e-01  3.36217940e-01  3.66706878e-01  3.98196876e-01  4.29444373e-01
  4.58138764e-01  4.82119352e-01  5.00079453e-01  5.11231124e-01  5.15195251e-01
  5.12102008e-01  5.03118336e-01  4.90526110e-01  4.76233631e-01  4.61476594e-01
  1.38026886e-02  1.15192840e-02  4.62854700e-03 -3.58588248e-03 -1.12732239e-02
 -1.83978621e-02 -2.49398910e-02 -3.08933593e-02 -3.62630188e-02 -4.10608463e-02
 -4.53026481e-02 -4.90050502e-02 -5.21831959e-02 -5.48492596e-02 -5.70116714e-02
 -5.86749576e-02 -5.98399378e-02 -6.05040714e-02 -6.06618710e-02 -6.03052638e-02
 -5.94239272e-02 -5.80057576e-02 -5.60375452e-02 -5.35056703e-02 -5.03952987e-02
 -4.66896370e-02 -4.23694514e-02 -3.74128446e-02 -3.17953937e-02 -2.54907459e-02
 -1.84714533e-02 -1.07099423e-02 -2.17941357e-03  7.14554591e-03  1.72887743e-02
  2.82728579e-02  4.01199795e-02  5.28532453e-02  6.64983764e-02  8.10856968e-02
  9.66522694e-02  1.13244273e-01  1.30919516e-01  1.49750367e-01  1.69827238e-01
  1.91262841e-01  2.14197978e-01  2.38809094e-01  2.65318960e-01  2.94012010e-01
  3.25257480e-01  3.59547734e-01  3.97570789e-01  4.40400541e-01  4.89007324e-01
  5.32618999e-01  5.66672027e-01  5.90884924e-01  6.04656935e-01  6.06677353e-01
  5.96601069e-01  5.72136819e-01  5.45028150e-01  5.19762576e-01  4.96671915e-01
  2.11707149e-02  1.93955041e-02  1.30878715e-02  5.33993030e-03 -1.97434449e-03
 -8.82843975e-03 -1.52144693e-02 -2.11282410e-02 -2.65682396e-02 -3.15351412e-02
 -3.60311009e-02 -4.00588363e-02 -4.36206013e-02 -4.67173159e-02 -4.93478514e-02
 -5.15085086e-02 -5.31926714e-02 -5.43904901e-02 -5.50886430e-02 -5.52701056e-02
 -5.49141057e-02 -5.39968163e-02 -5.24939373e-02 -5.03882729e-02 -4.76636626e-02
 -4.43038270e-02 -4.02919836e-02 -3.56099382e-02 -3.02377455e-02 -2.41538249e-02
 -1.73353106e-02 -9.75850318e-03 -1.39921962e-03  7.76703004e-03  1.77651439e-02
  2.86208373e-02  4.03613783e-02  5.30166738e-02  6.66206777e-02  8.12131390e-02
  9.68416557e-02  1.13564223e-01  1.31452218e-01  1.50594190e-01  1.71100795e-01
  1.93111226e-01  2.16802299e-01  2.42401287e-01  2.70204842e-01  3.00607979e-01
  3.34150106e-01  3.71591240e-01  4.14039820e-01  4.63146478e-01  5.21223247e-01
  5.81005514e-01  6.26610339e-01  6.57912910e-01  6.75262034e-01  6.78434432e-01
  6.65293694e-01  6.34546578e-01  5.91232240e-01  5.54326475e-01  5.23095429e-01
  2.67589204e-02  2.53596604e-02  1.92357153e-02  1.18987393e-02  4.98216925e-03
 -1.56151457e-03 -7.74433324e-03 -1.35648875e-02 -1.90164428e-02 -2.40909103e-02
 -2.87803225e-02 -3.30770612e-02 -3.69735211e-02 -4.04615737e-02 -4.35319431e-02
 -4.61735763e-02 -4.83730137e-02 -5.01136519e-02 -5.13747856e-02 -5.21302335e-02
 -5.23462147e-02 -5.19778393e-02 -5.09632640e-02 -4.93035056e-02 -4.69852760e-02
 -4.39940989e-02 -4.03188653e-02 -3.59460600e-02 -3.08597069e-02 -2.50415150e-02
 -1.84714571e-02 -1.11282896e-02 -2.98974779e-03  5.96746523e-03  1.57679096e-02
  2.64378414e-02  3.80058549e-02  5.05038016e-02  6.39679357e-02  7.84404054e-02
  9.39710885e-02  1.10619813e-01  1.28459200e-01  1.47578165e-01  1.68086529e-01
  1.90121040e-01  2.13853464e-01  2.39501700e-01  2.67345220e-01  2.97746539e-01
  3.31181109e-01  3.68276894e-01  4.09862131e-01  4.57011372e-01  5.11074305e-01
  5.73270857e-01  6.25603437e-01  6.62013650e-01  6.83099329e-01  6.89054847e-01
  6.80276394e-01  6.54615283e-01  6.11633241e-01  5.67915738e-01  5.32448709e-01
  2.97532417e-02  2.82555446e-02  2.28884593e-02  1.63286105e-02  9.98491608e-03
  3.82826105e-03 -2.11714278e-03 -7.82507751e-03 -1.32721290e-02 -1.84377879e-02
 -2.33039148e-02 -2.78540738e-02 -3.20728458e-02 -3.59451510e-02 -3.94555926e-02
 -4.25878130e-02 -4.53238301e-02 -4.76433113e-02 -4.95226569e-02 -5.09336479e-02
 -5.18412367e-02 -5.21994531e-02 -5.16276732e-02 -5.04201725e-02 -4.85195667e-02
 -4.58970442e-02 -4.25676480e-02 -3.85225378e-02 -3.37489322e-02 -2.82296408e-02
 -2.19454765e-02 -1.48767978e-02 -7.00322911e-03  1.69663597e-03  1.12455981e-02
  2.16682516e-02  3.29914838e-02  4.52451296e-02  5.84628172e-02  7.26830289e-02
  8.79504457e-02  1.04317538e-01  1.21846557e-01  1.40611887e-01  1.60702914e-01
  1.82227567e-01  2.05316484e-01  2.30127975e-01  2.56853759e-01  2.85724908e-01
  3.17016691e-01  3.51050854e-01  3.88191283e-01  4.28832859e-01  4.73399162e-01
  5.22462308e-01  5.72839320e-01  6.07692540e-01  6.29112065e-01  6.38205945e-01
  6.34509385e-01  6.19065344e-01  5.90125442e-01  5.50945759e-01  5.18967688e-01
  3.18099633e-02  2.99367085e-02  2.52542496e-02  1.95507985e-02  1.37188490e-02
  7.87995383e-03  2.11405498e-03 -3.52658005e-03 -9.00370628e-03 -1.42868645e-02
 -1.93503369e-02 -2.41714325e-02 -2.87293624e-02 -3.30044143e-02 -3.69772688e-02
 -4.06284444e-02 -4.39378545e-02 -4.68844734e-02 -4.94462736e-02 -5.16004860e-02
 -5.33246994e-02 -5.42953536e-02 -5.44840172e-02 -5.38899899e-02 -5.24658635e-02
 -5.01165390e-02 -4.71238717e-02 -4.34120521e-02 -3.89728323e-02 -3.37813534e-02
 -2.78137140e-02 -2.10527275e-02 -1.34809287e-02 -5.07996930e-03  4.16988041e-03
  1.42898960e-02  2.53030900e-02  3.72344777e-02  5.01114950e-02  6.39645532e-02
  7.88277686e-02  9.47397873e-02  1.11744650e-01  1.29892707e-01  1.49241388e-01
  1.69855773e-01  1.91808566e-01  2.15179160e-01  2.40050599e-01  2.66503274e-01
  2.94602484e-01  3.24375659e-01  3.55771005e-01  3.88581514e-01  4.22295064e-01
  4.55768377e-01  4.86654997e-01  5.11851907e-01  5.29513478e-01  5.39074004e-01
  5.40532112e-01  5.34294665e-01  5.21414757e-01  5.04179180e-01  4.85801607e-01
  3.48001532e-02  3.30148041e-02  2.82094777e-02  2.25440748e-02  1.68220866e-02
  1.10751335e-02  5.34482626e-03 -3.29147122e-04 -5.91147831e-03 -1.13710808e-02
 -1.66802816e-02 -2.18139961e-02 -2.67490000e-02 -3.14633138e-02 -3.59356590e-02
 -4.01449874e-02 -4.40701284e-02 -4.76896279e-02 -5.09819463e-02 -5.39259315e-02
 -5.62079474e-02 -5.77911288e-02 -5.86409830e-02 -5.87252676e-02 -5.80069013e-02
 -5.64471185e-02 -5.40207736e-02 -5.06312661e-02 -4.65746932e-02 -4.17557396e-02
 -3.61255854e-02 -2.96945255e-02 -2.24499833e-02 -1.43784191e-02 -5.46363322e-03
  4.31175251e-03  1.49660120e-02  2.65180115e-02  3.89870740e-02  5.23931421e-02
  6.67570159e-02  8.21005404e-02  9.84465554e-02  1.15818635e-01  1.34240225e-01
  1.53733209e-01  1.74315199e-01  1.95995361e-01  2.18767494e-01  2.42599517e-01
  2.67417222e-01  2.93080062e-01  3.19345832e-01  3.45821351e-01  3.71901989e-01
  3.96723807e-01  4.19196516e-01  4.38191593e-01  4.52809989e-01  4.62539881e-01
  4.67277169e-01  4.67310488e-01  4.63313073e-01  4.56284225e-01  4.47350144e-01
  3.73314992e-02  3.55422646e-02  3.08660250e-02  2.51941830e-02  1.94457043e-02
  1.36483172e-02  7.82973506e-03  2.01916881e-03 -3.75437806e-03 -9.46308021e-03
 -1.50806643e-02 -2.05824245e-02 -2.59450376e-02 -3.11462618e-02 -3.61645557e-02
 -4.09785956e-02 -4.55666780e-02 -4.99062464e-02 -5.39745726e-02 -5.74661978e-02
 -6.03415072e-02 -6.25609457e-02 -6.40855730e-02 -6.48771971e-02 -6.48980215e-02
 -6.41117096e-02 -6.24852218e-02 -5.99881411e-02 -5.66131957e-02 -5.22980802e-02
 -4.69274744e-02 -4.08306979e-02 -3.39216888e-02 -2.61975788e-02 -1.76403709e-02
 -8.23550019e-03  2.03167065e-03  1.31743504e-02  2.52031535e-02  3.81266847e-02
  5.19517884e-02  6.66834563e-02  8.23243186e-02  9.88736451e-02  1.16325781e-01
  1.34667784e-01  1.53876096e-01  1.73911706e-01  1.94713667e-01  2.16190159e-01
  2.38206983e-01  2.60573328e-01  2.83025473e-01  3.05211484e-01  3.26683432e-01
  3.46907139e-01  3.65301341e-01  3.81306440e-01  3.94465417e-01  4.04489219e-01
  4.11292881e-01  4.15001571e-01  4.15930539e-01  4.14536178e-01  4.11341608e-01
  3.98373082e-02  3.80404964e-02  3.32728475e-02  2.75240969e-02  2.16713548e-02
  1.57342702e-02  9.73590650e-03  3.70113761e-03 -2.34451611e-03 -8.37578718e-03
 -1.43682333e-02 -2.02985238e-02 -2.61445213e-02 -3.18852477e-02 -3.75007093e-02
 -4.29714285e-02 -4.82769348e-02 -5.33910170e-02 -5.80142103e-02 -6.21041469e-02
 -6.56180903e-02 -6.85132295e-02 -7.07469732e-02 -7.22772181e-02 -7.30626658e-02
 -7.30632693e-02 -7.22406507e-02 -7.05580860e-02 -6.79800734e-02 -6.44654185e-02
 -5.99721633e-02 -5.44763319e-02 -4.78734821e-02 -4.05217484e-02 -3.23351808e-02
 -2.33145822e-02 -1.34436563e-02 -2.71085580e-03  8.88351072e-03  2.13356763e-02
  3.46386880e-02  4.87823188e-02  6.37521669e-02  7.95283765e-02  9.60838944e-02
  1.13382168e-01  1.31374195e-01  1.49994791e-01  1.69157937e-01  1.88751370e-01
  2.08630472e-01  2.28612259e-01  2.48470545e-01  2.67934293e-01  2.86691844e-01
  3.04403692e-01  3.20725024e-01  3.35336030e-01  3.47974688e-01  3.58464807e-01
  3.66733760e-01  3.72816771e-01  3.76847416e-01  3.79035830e-01  3.79638821e-01
  4.22463007e-02  4.04113531e-02  3.55111808e-02  2.96341125e-02  2.36117914e-02
  1.74604803e-02  1.12032974e-02  4.86523053e-03 -1.52853190e-03 -7.95354880e-03
 -1.43865431e-02 -2.08055582e-02 -2.71900427e-02 -3.35210711e-02 -3.97820435e-02
 -4.59606387e-02 -5.20542972e-02 -5.77486902e-02 -6.29933998e-02 -6.77421913e-02
 -7.19497204e-02 -7.55704567e-02 -7.85586238e-02 -8.08684677e-02 -8.24546963e-02
 -8.32729191e-02 -8.32801014e-02 -8.24347660e-02 -8.06970447e-02 -7.80283883e-02
 -7.43926242e-02 -6.97572529e-02 -6.40902743e-02 -5.73782027e-02 -4.95210402e-02
 -4.09048870e-02 -3.14340591e-02 -2.10739076e-02 -9.86583624e-03  2.17286241e-03
  1.50216036e-02  2.86578536e-02  4.30544615e-02  5.81782609e-02  7.39884451e-02
  9.04347599e-02  1.07455403e-01  1.24974653e-01  1.42900199e-01  1.61120415e-01
  1.79501936e-01  1.97887808e-01  2.16097251e-01  2.33927563e-01  2.51159221e-01
  2.67564744e-01  2.82920778e-01  2.97022700e-01  3.09699327e-01  3.20825338e-01
  3.30329329e-01  3.38196218e-01  3.44463736e-01  3.49213868e-01  3.52561325e-01
  4.45552431e-02  4.26276997e-02  3.77097242e-02  3.16665918e-02  2.54074894e-02
  1.89618245e-02  1.23621803e-02  5.63961873e-03 -1.17829163e-03 -8.06704350e-03
 -1.50044151e-02 -2.19698194e-02 -2.89437510e-02 -3.59071419e-02 -4.28400971e-02
 -4.97186594e-02 -5.65058067e-02 -6.28834814e-02 -6.88273087e-02 -7.43009821e-02
 -7.92618990e-02 -8.36639181e-02 -8.74588042e-02 -9.05972868e-02 -9.30299163e-02
 -9.47078317e-02 -9.55834538e-02 -9.56111476e-02 -9.47478563e-02 -9.29536819e-02
 -9.01927203e-02 -8.64339024e-02 -8.16517845e-02 -7.58284852e-02 -6.89525306e-02
 -6.10439815e-02 -5.20578548e-02 -4.18869555e-02 -3.09699308e-02 -1.92399193e-02
 -6.73599960e-03  6.51631970e-03  2.04818659e-02  3.51196565e-02  5.03811873e-02
  6.62095770e-02  8.25383589e-02  9.92902964e-02  1.16376162e-01  1.33693770e-01
  1.51127324e-01  1.68547466e-01  1.85812250e-01  2.02769399e-01  2.19260037e-01
  2.35123813e-01  2.50205278e-01  2.64360607e-01  2.77464151e-01  2.89413333e-01
  3.00131738e-01  3.09570014e-01  3.17704469e-01  3.24534953e-01  3.30082446e-01
  4.71946411e-02  4.51335870e-02  4.00967859e-02  3.38520966e-02  2.72349399e-02
  2.03706324e-02  1.33216912e-02  6.12459099e-03 -1.19469292e-03 -8.61503370e-03
 -1.61178056e-02 -2.36858372e-02 -3.13030444e-02 -3.89546826e-02 -4.66288514e-02
 -5.43213189e-02 -6.17268980e-02 -6.87920302e-02 -7.54711106e-02 -8.17186311e-02
 -8.74868706e-02 -9.27255154e-02 -9.73821431e-02 -1.01402901e-01 -1.04733370e-01
 -1.07319459e-01 -1.09108321e-01 -1.10049278e-01 -1.10094734e-01 -1.09201059e-01
 -1.07329436e-01 -1.04446664e-01 -1.00525737e-01 -9.55462530e-02 -8.94940645e-02
 -8.23604465e-02 -7.41331577e-02 -6.48020878e-02 -5.43818139e-02 -4.27911803e-02
 -3.05135008e-02 -1.74947400e-02 -3.79204703e-03  1.05516445e-02  2.54829656e-02
  4.09423932e-02  5.68628944e-02  7.31697455e-02  8.97802562e-02  1.06603779e-01
  1.23542033e-01  1.40489772e-01  1.57335877e-01  1.73965186e-01  1.90260649e-01
  2.06106111e-01  2.21389130e-01  2.36003518e-01  2.49851093e-01  2.62842059e-01
  2.74893999e-01  2.85929710e-01  2.95874685e-01  3.04657012e-01  3.12210977e-01
  5.15611507e-02  4.97795753e-02  4.37390767e-02  3.65035348e-02  2.91891713e-02
  2.17301995e-02  1.41213313e-02  6.36911299e-03 -1.51668862e-03 -9.52498522e-03
 -1.76438950e-02 -2.58608237e-02 -3.41621935e-02 -4.25324142e-02 -5.09509034e-02
 -5.93835376e-02 -6.75257146e-02 -7.53529519e-02 -8.28282386e-02 -8.99070948e-02
 -9.65397432e-02 -1.02672309e-01 -1.08247831e-01 -1.13207243e-01 -1.17490314e-01
 -1.21036790e-01 -1.23787463e-01 -1.25685319e-01 -1.26676679e-01 -1.26712263e-01
 -1.25748217e-01 -1.23746969e-01 -1.20677888e-01 -1.16517611e-01 -1.11250013e-01
 -1.04865730e-01 -9.73611027e-02 -8.87387395e-02 -7.90083334e-02 -6.81819543e-02
 -5.62956855e-02 -4.32826169e-02 -2.96684448e-02 -1.54104894e-02 -5.82367065e-04
  1.47584081e-02  3.05448286e-02  4.67055105e-02  6.31641820e-02  7.98406526e-02
  9.66517404e-02  1.13512181e-01  1.30335569e-01  1.47035539e-01  1.63527027e-01
  1.79727629e-01  1.95558593e-01  2.10944951e-01  2.25814521e-01  2.40094766e-01
  2.53706992e-01  2.66557366e-01  2.78525770e-01  2.89456576e-01  2.99162954e-01
  5.49994037e-02  5.32263033e-02  4.68057431e-02  3.89151014e-02  3.09606157e-02
  2.29004994e-02  1.47076417e-02  6.36993116e-03 -2.11569224e-03 -1.07470471e-02
 -1.95188783e-02 -2.84242053e-02 -3.74555103e-02 -4.66067381e-02 -5.58782406e-02
 -6.49808720e-02 -7.38657117e-02 -8.24894086e-02 -9.08066779e-02 -9.87679809e-02
 -1.06319062e-01 -1.13401257e-01 -1.19952202e-01 -1.25906721e-01 -1.31197900e-01
 -1.35758251e-01 -1.39521033e-01 -1.42421573e-01 -1.44398585e-01 -1.45395562e-01
 -1.45361945e-01 -1.44254237e-01 -1.42036870e-01 -1.38682842e-01 -1.34174064e-01
 -1.28501341e-01 -1.21664234e-01 -1.13670774e-01 -1.04537077e-01 -9.42863524e-02
 -8.29485878e-02 -7.05548748e-02 -5.71597666e-02 -4.27072681e-02 -2.77626365e-02
 -1.22903399e-02  3.62438476e-03  1.99152846e-02  3.65091302e-02  5.33328243e-02
  7.03152418e-02  8.73876959e-02  1.04484327e-01  1.21542826e-01  1.38505340e-01
  1.55319422e-01  1.71938643e-01  1.88322544e-01  2.04435110e-01  2.20240831e-01
  2.35696495e-01  2.50735343e-01  2.65237600e-01  2.78975427e-01  2.91522801e-01
  5.77710755e-02  5.59294783e-02  4.90333401e-02  4.07553427e-02  3.23430374e-02
  2.37754602e-02  1.50401099e-02  6.12918986e-03 -2.96059065e-03 -1.22289388e-02
 -2.16728337e-02 -3.12868953e-02 -4.10628580e-02 -5.09869903e-02 -6.10320903e-02
 -7.09109306e-02 -8.06035995e-02 -9.00759473e-02 -9.92843062e-02 -1.08177468e-01
 -1.16697706e-01 -1.24781638e-01 -1.32361114e-01 -1.39364257e-01 -1.45716608e-01
 -1.51342511e-01 -1.56166553e-01 -1.60115093e-01 -1.63117886e-01 -1.65109664e-01
 -1.66031659e-01 -1.65832952e-01 -1.64471686e-01 -1.61915958e-01 -1.58144429e-01
 -1.53146699e-01 -1.46923184e-01 -1.39484867e-01 -1.30852580e-01 -1.21056102e-01
 -1.10132746e-01 -9.81258079e-02 -8.50835741e-02 -7.10529983e-02 -5.61030656e-02
 -4.01839204e-02 -2.38964539e-02 -7.20933406e-03  9.78204887e-03  2.70054080e-02
  4.44001779e-02  6.19129799e-02  7.94961974e-02  9.71083343e-02  1.14715360e-01
  1.32292286e-01  1.49824962e-01  1.67311698e-01  1.84764624e-01  2.02210367e-01
  2.19689384e-01  2.37252101e-01  2.54945546e-01  2.72749156e-01  2.89923728e-01
  5.97389415e-02  5.77518381e-02  5.08157909e-02  4.22369353e-02  3.34371626e-02
  2.44153664e-02  1.51699474e-02  5.70076518e-03 -3.99106927e-03 -1.39036160e-02
 -2.40345802e-02 -3.43819745e-02 -4.49456908e-02 -5.57320528e-02 -6.64692223e-02
 -7.71165863e-02 -8.76368880e-02 -9.79888365e-02 -1.08124644e-01 -1.17989339e-01
 -1.27520874e-01 -1.36650622e-01 -1.45304173e-01 -1.53402328e-01 -1.60862416e-01
 -1.67599678e-01 -1.73529014e-01 -1.78566620e-01 -1.82632014e-01 -1.85649768e-01
 -1.87551439e-01 -1.88277245e-01 -1.87777549e-01 -1.86014131e-01 -1.82961047e-01
 -1.78605139e-01 -1.72946185e-01 -1.65996492e-01 -1.57780260e-01 -1.48332372e-01
 -1.37696818e-01 -1.25925004e-01 -1.13073528e-01 -9.92019922e-02 -8.43716413e-02
 -6.86389208e-02 -5.20812199e-02 -3.46528329e-02 -1.70043875e-02  8.33904895e-04
  1.88285969e-02  3.69471051e-02  5.51589169e-02  7.34391287e-02  9.17719379e-02
  1.10153973e-01  1.28597736e-01  1.47135690e-01  1.65825397e-01  1.84756801e-01
  2.04063073e-01  2.23938867e-01  2.44676322e-01  2.66747296e-01  2.89322525e-01
  6.17216676e-02  5.95930293e-02  5.24766222e-02  4.36065868e-02  3.44334096e-02
  2.49659400e-02  1.52127696e-02  5.18294610e-03 -5.11608366e-03 -1.56789478e-02
 -2.65017655e-02 -3.75805423e-02 -4.89075333e-02 -6.04624636e-02 -7.19759762e-02
 -8.34359229e-02 -9.48147103e-02 -1.06073588e-01 -1.17164098e-01 -1.28028810e-01
 -1.38601780e-01 -1.48809165e-01 -1.58570126e-01 -1.67797789e-01 -1.76400691e-01
 -1.84284285e-01 -1.91352889e-01 -1.97511569e-01 -2.02668369e-01 -2.06736505e-01
 -2.09636539e-01 -2.11298451e-01 -2.11663470e-01 -2.10685685e-01 -2.08333239e-01
 -2.04589009e-01 -1.99450865e-01 -1.92931488e-01 -1.85057491e-01 -1.75868109e-01
 -1.65413514e-01 -1.53752550e-01 -1.40950143e-01 -1.27074331e-01 -1.12192832e-01
 -9.63687226e-02 -7.96556398e-02 -6.20838143e-02 -4.36709560e-02 -2.51000393e-02
 -6.39184657e-03  1.24376817e-02  3.13629359e-02  5.03636301e-02  6.94311187e-02
  8.85722563e-02  1.07813060e-01  1.27203420e-01  1.46823585e-01  1.66793481e-01
  1.87286094e-01  2.08545417e-01  2.30907634e-01  2.54815042e-01  2.79824615e-01
  6.41539693e-02  6.19411804e-02  5.42929173e-02  4.51220386e-02  3.55499312e-02
  2.55980212e-02  1.53007051e-02  4.68252599e-03 -6.24253973e-03 -1.74686685e-02
 -2.89964378e-02 -4.08326201e-02 -5.29924035e-02 -6.52185604e-02 -7.74800107e-02
 -8.97482783e-02 -1.01989932e-01 -1.14163555e-01 -1.26218498e-01 -1.38094470e-01
 -1.49721652e-01 -1.61021009e-01 -1.71905160e-01 -1.82279378e-01 -1.92043081e-01
 -2.01091439e-01 -2.09317535e-01 -2.16614500e-01 -2.22878039e-01 -2.28008941e-01
 -2.31915668e-01 -2.34516814e-01 -2.35743314e-01 -2.35540435e-01 -2.33869269e-01
 -2.30707720e-01 -2.26050958e-01 -2.19911247e-01 -2.12317139e-01 -2.03312114e-01
 -1.92952588e-01 -1.81305513e-01 -1.68445453e-01 -1.54451415e-01 -1.39403209e-01
 -1.23377629e-01 -1.06444277e-01 -8.86610150e-02 -7.00709596e-02 -5.06961234e-02
 -3.12206708e-02 -1.15924655e-02  8.11474118e-03  2.78634634e-02  4.76394780e-02
  6.74479753e-02  8.73135626e-02  1.07282586e-01  1.27427682e-01  1.47854850e-01
  1.68714508e-01  1.90218285e-01  2.12665543e-01  2.36481816e-01  2.61364162e-01
  6.63157329e-02  6.38175234e-02  5.66477329e-02  4.71860692e-02  3.70332189e-02
  2.64548231e-02  1.55250104e-02  4.27064206e-03 -7.29971193e-03 -1.91865675e-02
 -3.13959084e-02 -4.39376496e-02 -5.68248928e-02 -6.97866082e-02 -8.28157812e-02
 -9.58941802e-02 -1.08992986e-01 -1.22072525e-01 -1.35081992e-01 -1.47959322e-01
 -1.60631374e-01 -1.73014313e-01 -1.85014397e-01 -1.96529090e-01 -2.07448572e-01
 -2.17657551e-01 -2.27037504e-01 -2.35469148e-01 -2.42835268e-01 -2.49023512e-01
 -2.53929466e-01 -2.57459462e-01 -2.59533286e-01 -2.60086536e-01 -2.59072393e-01
 -2.56463051e-01 -2.52250344e-01 -2.46445656e-01 -2.39079222e-01 -2.30198681e-01
 -2.19866991e-01 -2.08159864e-01 -1.95162728e-01 -1.80967376e-01 -1.65668577e-01
 -1.49360716e-01 -1.32134929e-01 -1.14077196e-01 -9.52687189e-02 -7.57902414e-02
 -5.57357855e-02 -3.50511111e-02 -1.44344363e-02  6.10709982e-03  2.65685152e-02
  4.69545089e-02  6.72813281e-02  8.75776708e-02  1.07885793e-01  1.28263086e-01
  1.48784116e-01  1.69544205e-01  1.90668225e-01  2.12350085e-01  2.34588385e-01
  7.19987974e-02  7.01815709e-02  6.11625537e-02  5.00356480e-02  3.88509072e-02
  2.74679754e-02  1.58336740e-02  3.92081775e-03 -8.29013344e-03 -2.08161715e-02
 -3.36732417e-02 -4.68768142e-02 -6.04430623e-02 -7.41091296e-02 -8.78763720e-02
 -1.01733387e-01 -1.15655772e-01 -1.29606143e-01 -1.43534124e-01 -1.57376364e-01
 -1.71056837e-01 -1.84487239e-01 -1.97567761e-01 -2.10188285e-01 -2.22229943e-01
 -2.33567029e-01 -2.44069442e-01 -2.53605396e-01 -2.62044519e-01 -2.69261092e-01
 -2.75137484e-01 -2.79567301e-01 -2.82458693e-01 -2.83737004e-01 -2.83347100e-01
 -2.81254917e-01 -2.77448535e-01 -2.71938086e-01 -2.64755219e-01 -2.55951613e-01
 -2.45596781e-01 -2.33775288e-01 -2.20583513e-01 -2.06126109e-01 -1.90512285e-01
 -1.73852205e-01 -1.56253621e-01 -1.37818709e-01 -1.18641324e-01 -9.88038555e-02
 -7.83714652e-02 -5.73776178e-02 -3.58385406e-02 -1.44986315e-02  6.61997264e-03
  2.75153052e-02  4.81925234e-02  6.86592162e-02  8.89224336e-02  1.08984582e-01
  1.28835723e-01  1.48438260e-01  1.67694479e-01  1.86375171e-01  2.04001069e-01
  7.56983310e-02  7.39846230e-02  6.41206130e-02  5.22511154e-02  4.03364487e-02
  2.82839965e-02  1.60292890e-02  3.52419517e-03 -9.26850084e-03 -2.23789271e-02
 -3.58314887e-02 -4.96432409e-02 -6.38168454e-02 -7.81164989e-02 -9.25545096e-02
 -1.07124992e-01 -1.21806525e-01 -1.36563048e-01 -1.51344106e-01 -1.66084960e-01
 -1.80706784e-01 -1.95117056e-01 -2.09210277e-01 -2.22869158e-01 -2.35966191e-01
 -2.48365715e-01 -2.59926409e-01 -2.70504415e-01 -2.79956520e-01 -2.88143814e-01
 -2.94935554e-01 -3.00212830e-01 -3.03872049e-01 -3.05828273e-01 -3.06017876e-01
 -3.04400355e-01 -3.00959736e-01 -2.95704633e-01 -2.88667858e-01 -2.79904813e-01
 -2.69491196e-01 -2.57520050e-01 -2.44098216e-01 -2.29342490e-01 -2.13375524e-01
 -1.96321696e-01 -1.78303227e-01 -1.59436390e-01 -1.39827982e-01 -1.19572118e-01
 -9.87473205e-02 -7.74152502e-02 -5.56256510e-02 -3.34284604e-02 -1.16656590e-02
  9.70060378e-03  3.06806099e-02  5.12703657e-02  7.14542270e-02  9.12022069e-02
  1.10463418e-01  1.29155427e-01  1.47150308e-01  1.64261699e-01  1.80246860e-01
  7.71089494e-02  7.52919018e-02  6.56485111e-02  5.34695052e-02  4.11543213e-02
  2.86675785e-02  1.59630794e-02  2.99664657e-03 -1.02726817e-02 -2.38835644e-02
 -3.78746428e-02 -5.22887781e-02 -6.69045374e-02 -8.17186087e-02 -9.67270359e-02
 -1.11917667e-01 -1.27266690e-01 -1.42736897e-01 -1.58276677e-01 -1.73819542e-01
 -1.89283922e-01 -2.04573378e-01 -2.19577253e-01 -2.34171718e-01 -2.48221382e-01
 -2.61581451e-01 -2.74100304e-01 -2.85622776e-01 -2.95993716e-01 -3.05061936e-01
 -3.12684268e-01 -3.18729877e-01 -3.23084056e-01 -3.25652033e-01 -3.26361805e-01
 -3.25166702e-01 -3.22046548e-01 -3.17008346e-01 -3.10085714e-01 -3.01337272e-01
 -2.90844321e-01 -2.78707594e-01 -2.65043586e-01 -2.49980122e-01 -2.33652100e-01
 -2.16196880e-01 -1.97749928e-01 -1.78440586e-01 -1.58388048e-01 -1.37697533e-01
 -1.16456263e-01 -9.47285444e-02 -7.25479722e-02 -4.99001667e-02 -2.76567191e-02
 -5.88468183e-03  1.53828459e-02  3.61196958e-02  5.62954061e-02  7.58690760e-02
  9.47846696e-02  1.12967014e-01  1.30319297e-01  1.46724284e-01  1.62051782e-01
  7.79819116e-02  7.61007443e-02  6.62357733e-02  5.38777299e-02  4.13494259e-02
  2.86126249e-02  1.56255271e-02  2.34705326e-03 -1.12621281e-02 -2.52400432e-02
 -3.96243446e-02 -5.44530563e-02 -6.94883391e-02 -8.47483948e-02 -1.00237645e-01
 -1.15947388e-01 -1.31855235e-01 -1.47924349e-01 -1.64102688e-01 -1.80322498e-01
 -1.96499959e-01 -2.12535411e-01 -2.28313789e-01 -2.43705690e-01 -2.58568943e-01
 -2.72750854e-01 -2.86090851e-01 -2.98423946e-01 -3.09584439e-01 -3.19410235e-01
 -3.27747285e-01 -3.34454000e-01 -3.39405775e-01 -3.42498779e-01 -3.43653619e-01
 -3.42817634e-01 -3.39966923e-01 -3.35106671e-01 -3.28270912e-01 -3.19520921e-01
 -3.08942676e-01 -2.96643615e-01 -2.82748401e-01 -2.67394632e-01 -2.50727862e-01
 -2.32897043e-01 -2.14049667e-01 -1.94327474e-01 -1.73862532e-01 -1.52773783e-01
 -1.31164417e-01 -1.09120585e-01 -8.67126063e-02 -6.40029386e-02 -4.10719104e-02
 -1.88094303e-02  2.80447933e-03  2.37612016e-02  4.40370478e-02  6.35969192e-02
  8.23948309e-02  1.00374065e-01  1.17468275e-01  1.33604407e-01  1.48708031e-01
  7.80823827e-02  7.61329308e-02  6.60065114e-02  5.36053255e-02  4.10285331e-02
  2.82064900e-02  1.50907049e-02  1.64218503e-03 -1.21735465e-02 -2.63897162e-02
 -4.10399623e-02 -5.61590418e-02 -7.15081766e-02 -8.71077850e-02 -1.02964938e-01
 -1.19072959e-01 -1.35410771e-01 -1.51942164e-01 -1.68614984e-01 -1.85360655e-01
 -2.02093765e-01 -2.18712181e-01 -2.35097438e-01 -2.51115769e-01 -2.66619742e-01
 -2.81450331e-01 -2.95439839e-01 -3.08415353e-01 -3.20202678e-01 -3.30630928e-01
 -3.39536995e-01 -3.46770644e-01 -3.52198869e-01 -3.55710506e-01 -3.57219696e-01
 -3.56668860e-01 -3.54030579e-01 -3.49308401e-01 -3.42536360e-01 -3.33777577e-01
 -3.23121667e-01 -3.10681105e-01 -2.96587110e-01 -2.80984968e-01 -2.64028877e-01
 -2.45877132e-01 -2.26687089e-01 -2.06610784e-01 -1.85790822e-01 -1.64356828e-01
 -1.42422393e-01 -1.20082244e-01 -9.74086523e-02 -7.44448826e-02 -5.11886552e-02
 -2.85455510e-02 -6.59278408e-03  1.46298464e-02  3.50922756e-02  5.47633916e-02
  7.36071914e-02  9.15821120e-02  1.08642146e-01  1.24739394e-01  1.39827609e-01
  7.66609907e-02  7.45029300e-02  6.48480579e-02  5.27279153e-02  4.03396823e-02
  2.76033133e-02  1.44930026e-02  9.92606394e-04 -1.29167680e-02 -2.72585191e-02
 -4.20602597e-02 -5.73532991e-02 -7.28981197e-02 -8.87146592e-02 -1.04810379e-01
 -1.21179298e-01 -1.37800932e-01 -1.54639408e-01 -1.71642572e-01 -1.88741356e-01
 -2.05849364e-01 -2.22862840e-01 -2.39661112e-01 -2.56107479e-01 -2.72050858e-01
 -2.87327886e-01 -3.01765978e-01 -3.15186679e-01 -3.27409804e-01 -3.38258147e-01
 -3.47562283e-01 -3.55165511e-01 -3.60928953e-01 -3.64735812e-01 -3.66495490e-01
 -3.66146505e-01 -3.63658726e-01 -3.59034032e-01 -3.52306187e-01 -3.43539238e-01
 -3.32824856e-01 -3.20278853e-01 -3.06036741e-01 -2.90248901e-01 -2.73075461e-01
 -2.54681081e-01 -2.35230058e-01 -2.14881778e-01 -1.93786576e-01 -1.72082543e-01
 -1.49892882e-01 -1.27324432e-01 -1.04467466e-01 -8.13983530e-02 -5.81883565e-02
 -3.49292047e-02 -1.25360852e-02  9.01926216e-03  2.97389627e-02  4.96097244e-02
  6.86079934e-02  8.67032707e-02  1.03860930e-01  1.20045185e-01  1.35222316e-01
  7.41552934e-02  7.13660717e-02  6.29826114e-02  5.17662242e-02  3.96874286e-02
  2.70794462e-02  1.40208704e-02  5.31103986e-04 -1.33938417e-02 -2.77701542e-02
 -4.26216833e-02 -5.79777993e-02 -7.35985339e-02 -8.95033479e-02 -1.05699696e-01
 -1.22181796e-01 -1.38929427e-01 -1.55906931e-01 -1.73062235e-01 -1.90326110e-01
 -2.07611799e-01 -2.24814862e-01 -2.41813630e-01 -2.58470029e-01 -2.74631232e-01
 -2.90131837e-01 -3.04796696e-01 -3.18444520e-01 -3.30892086e-01 -3.41958821e-01
 -3.51471841e-01 -3.59271020e-01 -3.65213960e-01 -3.69180709e-01 -3.71077746e-01
 -3.70841175e-01 -3.68438810e-01 -3.63871217e-01 -3.57171386e-01 -3.48403186e-01
 -3.37658912e-01 -3.25055361e-01 -3.10729802e-01 -2.94834673e-01 -2.77532637e-01
 -2.58991241e-01 -2.39377901e-01 -2.18855336e-01 -1.97577477e-01 -1.75686136e-01
 -1.53308332e-01 -1.30554363e-01 -1.07516468e-01 -8.42676386e-02 -6.08594604e-02
 -3.73156518e-02 -1.46272751e-02  7.21028727e-03  2.81926859e-02  4.83056977e-02
  6.75263181e-02  8.58247727e-02  1.03167064e-01  1.19518004e-01  1.34844393e-01
  7.56137148e-02  7.33730271e-02  6.37580976e-02  5.17861694e-02  3.95069793e-02
  2.68520247e-02  1.38011305e-02  3.41351464e-04 -1.35439513e-02 -2.78766137e-02
 -4.26832438e-02 -5.79946525e-02 -7.35716149e-02 -8.94339681e-02 -1.05589405e-01
 -1.22032307e-01 -1.38742656e-01 -1.55684933e-01 -1.72807306e-01 -1.90040767e-01
 -2.07298830e-01 -2.24477351e-01 -2.41454914e-01 -2.58093745e-01 -2.74241298e-01
 -2.89732307e-01 -3.04391801e-01 -3.18038553e-01 -3.30489308e-01 -3.41563314e-01
 -3.51087391e-01 -3.58900934e-01 -3.64861041e-01 -3.68847013e-01 -3.70764524e-01
 -3.70548695e-01 -3.68166268e-01 -3.63616675e-01 -3.56931746e-01 -3.48174125e-01
 -3.37434858e-01 -3.24829549e-01 -3.10494244e-01 -2.94580191e-01 -2.77248949e-01
 -2.58666933e-01 -2.39000514e-01 -2.18411341e-01 -1.97052374e-01 -1.75064400e-01
 -1.52573466e-01 -1.29688874e-01 -1.06501780e-01 -8.30840766e-02 -5.94862029e-02
 -3.57309245e-02 -1.28087038e-02  9.28286184e-03  3.05359177e-02  5.09311557e-02
  7.04387054e-02  8.90201628e-02  1.06631353e-01  1.23225853e-01  1.38759032e-01
  7.57466480e-02  7.36023262e-02  6.39726594e-02  5.18445186e-02  3.94626446e-02
  2.67866198e-02  1.37768891e-02  4.00202203e-04 -1.33741368e-02 -2.75767781e-02
 -4.22396176e-02 -5.73964119e-02 -7.28089884e-02 -8.84979218e-02 -1.04471110e-01
 -1.20722942e-01 -1.37233362e-01 -1.53966963e-01 -1.70872241e-01 -1.87880784e-01
 -2.04907000e-01 -2.21847981e-01 -2.38583878e-01 -2.54978865e-01 -2.70882577e-01
 -2.86132336e-01 -3.00555915e-01 -3.13975006e-01 -3.26209337e-01 -3.37081224e-01
 -3.46420288e-01 -3.54068637e-01 -3.59885573e-01 -3.63752246e-01 -3.65575522e-01
 -3.65291089e-01 -3.62865597e-01 -3.58297616e-01 -3.51617336e-01 -3.42885166e-01
 -3.32189143e-01 -3.19641352e-01 -3.05373669e-01 -2.89532989e-01 -2.72275895e-01
 -2.53763765e-01 -2.34157547e-01 -2.13613406e-01 -1.92278579e-01 -1.70288041e-01
 -1.47761941e-01 -1.24803960e-01 -1.01501033e-01 -7.79257268e-02 -5.41450940e-02
 -3.02466154e-02 -7.14372285e-03  1.51863778e-02  3.67363393e-02  5.74782863e-02
  7.73681849e-02  9.63488221e-02  1.14353158e-01  1.31308794e-01  1.47143871e-01
  7.56467804e-02  7.36177713e-02  6.36208877e-02  5.15339710e-02  3.92330810e-02
  2.66732052e-02  1.38165420e-02  6.25540153e-04 -1.29362419e-02 -2.69044358e-02
 -4.13145050e-02 -5.62022850e-02 -7.13294819e-02 -8.67165476e-02 -1.02370664e-01
 -1.18285432e-01 -1.34440258e-01 -1.50799602e-01 -1.67312279e-01 -1.83910832e-01
 -2.00511128e-01 -2.17012450e-01 -2.33297765e-01 -2.49234721e-01 -2.64677078e-01
 -2.79466867e-01 -2.93437123e-01 -3.06415170e-01 -3.18226635e-01 -3.28699768e-01
 -3.37670028e-01 -3.44985038e-01 -3.50508988e-01 -3.54127169e-01 -3.55749577e-01
 -3.55313987e-01 -3.52787733e-01 -3.48168820e-01 -3.41485471e-01 -3.32794815e-01
 -3.22180271e-01 -3.09748292e-01 -2.95624018e-01 -2.79946715e-01 -2.62864739e-01
 -2.44530514e-01 -2.25095645e-01 -2.04706401e-01 -1.83499753e-01 -1.61599785e-01
 -1.39114708e-01 -1.16133861e-01 -9.27238241e-02 -6.89207986e-02 -4.47128452e-02
 -2.09913403e-02  2.16769194e-03  2.47202795e-02  4.66248356e-02  6.78291991e-02
  8.82645324e-02  1.07842974e-01  1.26458421e-01  1.43991128e-01  1.60316482e-01
  7.41351023e-02  7.21364394e-02  6.26562238e-02  5.07627092e-02  3.86861339e-02
  2.63869986e-02  1.38200345e-02  9.42466315e-04 -1.22854197e-02 -2.59012263e-02
 -3.99417616e-02 -5.44440299e-02 -6.91690817e-02 -8.41340721e-02 -9.93428901e-02
 -1.14786766e-01 -1.30443737e-01 -1.46277830e-01 -1.62238240e-01 -1.78258762e-01
 -1.94257408e-01 -2.10136488e-01 -2.25782946e-01 -2.41069347e-01 -2.55855322e-01
 -2.69989580e-01 -2.83312529e-01 -2.95659602e-01 -3.06864768e-01 -3.16764832e-01
 -3.25203657e-01 -3.32036793e-01 -3.37135643e-01 -3.40391666e-01 -3.41719687e-01
 -3.41060638e-01 -3.38383466e-01 -3.33685726e-01 -3.26993406e-01 -3.18359524e-01
 -3.07861626e-01 -2.95598626e-01 -2.81686783e-01 -2.66255170e-01 -2.49440908e-01
 -2.31384337e-01 -2.12224275e-01 -1.92093566e-01 -1.71115220e-01 -1.49399251e-01
 -1.27040446e-01 -1.04117736e-01 -8.06956738e-02 -5.68294935e-02 -3.25749405e-02
 -8.79649725e-03  1.45370001e-02  3.74209248e-02  5.98258376e-02  8.16972479e-02
  1.02950782e-01  1.23466089e-01  1.43082500e-01  1.61600918e-01  1.78796887e-01
  7.21469000e-02  7.02083409e-02  6.09460212e-02  4.93906438e-02  3.77202407e-02
  2.58558951e-02  1.37348287e-02  1.31043524e-03 -1.14549659e-02 -2.45953947e-02
 -3.81452143e-02 -5.21438085e-02 -6.63669482e-02 -8.08092207e-02 -9.54655409e-02
 -1.10323429e-01 -1.25359461e-01 -1.40537485e-01 -1.55807495e-01 -1.71105057e-01
 -1.86351016e-01 -2.01451540e-01 -2.16298655e-01 -2.30771080e-01 -2.44735733e-01
 -2.58049667e-01 -2.70562559e-01 -2.82119751e-01 -2.92565674e-01 -3.01747739e-01
 -3.09520245e-01 -3.15748572e-01 -3.20313215e-01 -3.23113292e-01 -3.24069679e-01
 -3.23127598e-01 -3.20257962e-01 -3.15458268e-01 -3.08751971e-01 -3.00187379e-01
 -2.89835185e-01 -2.77785450e-01 -2.64143884e-01 -2.49027491e-01 -2.32560068e-01
 -2.14867517e-01 -1.96073160e-01 -1.76293269e-01 -1.55632809e-01 -1.34181857e-01
 -1.12012513e-01 -8.91777351e-02 -6.57137036e-02 -4.16527018e-02 -1.77660212e-02
  5.92456665e-03  2.94143874e-02  5.26978448e-02  7.57576451e-02  9.85540301e-02
  1.21010438e-01  1.42993525e-01  1.64287537e-01  1.84570953e-01  2.03419700e-01
  6.91832528e-02  6.72196373e-02  5.80624603e-02  4.72540408e-02  3.63110863e-02
  2.51004659e-02  1.35837914e-02  1.73997611e-03 -1.04488125e-02 -2.29997989e-02
 -3.59290540e-02 -4.92483862e-02 -6.29571900e-02 -7.68172890e-02 -9.08397138e-02
 -1.05018198e-01 -1.19331852e-01 -1.33745998e-01 -1.48212329e-01 -1.62668854e-01
 -1.77039862e-01 -1.91236183e-01 -2.05155730e-01 -2.18684450e-01 -2.31697679e-01
 -2.44062081e-01 -2.55637944e-01 -2.66281992e-01 -2.75850534e-01 -2.84203053e-01
 -2.91205734e-01 -2.96735197e-01 -3.00682127e-01 -3.02954346e-01 -3.03479791e-01
 -3.02208424e-01 -2.99113721e-01 -2.94193089e-01 -2.87467390e-01 -2.78979838e-01
 -2.68793643e-01 -2.56989300e-01 -2.43660897e-01 -2.28912398e-01 -2.12853178e-01
 -1.95593640e-01 -1.77240640e-01 -1.57892808e-01 -1.37635753e-01 -1.16536744e-01
 -9.46381390e-02 -7.19474331e-02 -4.84178141e-02 -2.48577688e-02 -1.28411246e-03
  2.23111510e-02  4.59507816e-02  6.96647987e-02  9.34837162e-02  1.17429733e-01
  1.41502157e-01  1.65649548e-01  1.89711660e-01  2.13292450e-01  2.35549554e-01
  6.38797656e-02  6.14099130e-02  5.42057902e-02  4.48365472e-02  3.48141640e-02
  2.43445244e-02  1.34953735e-02  2.29026028e-03 -9.26537998e-03 -2.11751945e-02
 -3.34480703e-02 -4.60964479e-02 -5.91363199e-02 -7.23054856e-02 -8.56035426e-02
 -9.90182087e-02 -1.12525776e-01 -1.26090869e-01 -1.39666125e-01 -1.53191909e-01
 -1.66596264e-01 -1.79795161e-01 -1.92693084e-01 -2.05183864e-01 -2.17152104e-01
 -2.28474930e-01 -2.39024088e-01 -2.48668611e-01 -2.57277578e-01 -2.64723361e-01
 -2.70884782e-01 -2.75650501e-01 -2.78921962e-01 -2.80616373e-01 -2.80669004e-01
 -2.79035002e-01 -2.75690466e-01 -2.70632833e-01 -2.63880372e-01 -2.55470932e-01
 -2.45460048e-01 -2.33918190e-01 -2.20927641e-01 -2.06578895e-01 -1.90966770e-01
 -1.74186483e-01 -1.56329408e-01 -1.37479022e-01 -1.17706612e-01 -9.70671251e-02
 -7.55961239e-02 -5.33125624e-02 -3.02282032e-02 -7.12064281e-03  1.60998907e-02
  3.95070910e-02  6.31771237e-02  8.71980041e-02  1.11675352e-01  1.36736974e-01
  1.62537575e-01  1.89265341e-01  2.17157975e-01  2.46572584e-01  2.77516574e-01
  6.18729629e-02  5.97210415e-02  5.24447970e-02  4.32861783e-02  3.37533876e-02
  2.38549523e-02  1.36086866e-02  3.02775530e-03 -7.88224861e-03 -1.91224106e-02
 -3.06995474e-02 -4.26264964e-02 -5.49248531e-02 -6.73459247e-02 -7.98652768e-02
 -9.24609527e-02 -1.05105579e-01 -1.17763124e-01 -1.30387485e-01 -1.42921805e-01
 -1.55298367e-01 -1.67438775e-01 -1.79254502e-01 -1.90647826e-01 -2.01513052e-01
 -2.11738184e-01 -2.21206889e-01 -2.29800820e-01 -2.37402156e-01 -2.43896455e-01
 -2.49175385e-01 -2.53139704e-01 -2.55701870e-01 -2.56788373e-01 -2.56341994e-01
 -2.54322946e-01 -2.50710011e-01 -2.45500624e-01 -2.38710403e-01 -2.30371907e-01
 -2.20532894e-01 -2.09253818e-01 -1.96605012e-01 -1.82663560e-01 -1.67509779e-01
 -1.51223928e-01 -1.33882791e-01 -1.15556240e-01 -9.63032171e-02 -7.61648491e-02
 -5.51486388e-02 -3.32404934e-02 -1.11316834e-02  1.11988122e-02  3.38026322e-02
  5.67531064e-02  8.01467821e-02  1.04109734e-01  1.28807306e-01  1.54458225e-01
  1.81355119e-01  2.09895492e-01  2.40629569e-01  2.74328768e-01  3.10469925e-01
  6.01827092e-02  5.82289025e-02  5.10221832e-02  4.21592556e-02  3.30260992e-02
  2.36119367e-02  1.39157102e-02  3.93703068e-03 -6.32545631e-03 -1.68746375e-02
 -2.77145971e-02 -3.88492681e-02 -5.02790175e-02 -6.19920194e-02 -7.37277046e-02
 -8.54814574e-02 -9.72328633e-02 -1.08949706e-01 -1.20589167e-01 -1.32098287e-01
 -1.43414214e-01 -1.54464647e-01 -1.65168405e-01 -1.75436422e-01 -1.85172856e-01
 -1.94276676e-01 -2.02643394e-01 -2.10167214e-01 -2.16743216e-01 -2.22269848e-01
 -2.26651341e-01 -2.29800209e-01 -2.31639475e-01 -2.32104689e-01 -2.31145635e-01
 -2.28727505e-01 -2.24831536e-01 -2.19455078e-01 -2.12611109e-01 -2.04327002e-01
 -1.94642872e-01 -1.83609366e-01 -1.71284989e-01 -1.57733276e-01 -1.43019661e-01
 -1.27208769e-01 -1.10362262e-01 -9.25386548e-02 -7.37967938e-02 -5.42081594e-02
 -3.36977653e-02 -1.29231764e-02  8.13665800e-03  2.95108818e-02  5.12461327e-02
  7.34113976e-02  9.61034372e-02  1.19454630e-01  1.43644571e-01  1.68916985e-01
  1.95604160e-01  2.24160463e-01  2.55202115e-01  2.89534569e-01  3.26394886e-01
  5.81739247e-02  5.63613549e-02  4.96177971e-02  4.11001742e-02  3.23763750e-02
  2.34444067e-02  1.42953061e-02  4.92098369e-03 -4.68571112e-03 -1.45313218e-02
 -2.46222634e-02 -3.49655263e-02 -4.55702730e-02 -5.64523600e-02 -6.73499703e-02
 -7.82316551e-02 -8.90689269e-02 -9.98284295e-02 -1.10469222e-01 -1.20941915e-01
 -1.31188571e-01 -1.41143024e-01 -1.50731534e-01 -1.59873545e-01 -1.68482929e-01
 -1.76469296e-01 -1.83739647e-01 -1.90200150e-01 -1.95758209e-01 -2.00324446e-01
 -2.03814894e-01 -2.06153050e-01 -2.07271755e-01 -2.07114875e-01 -2.05638677e-01
 -2.02812761e-01 -1.98620513e-01 -1.93059146e-01 -1.86139002e-01 -1.77882597e-01
 -1.68322831e-01 -1.57501042e-01 -1.45464420e-01 -1.32263064e-01 -1.17946535e-01
 -1.02559946e-01 -8.61394182e-02 -6.87088072e-02 -5.02729639e-02 -3.14840265e-02
 -1.22762984e-02  7.29408674e-03  2.72076391e-02  4.74691801e-02  6.81045279e-02
  8.91609862e-02  1.10710301e-01  1.32853761e-01  1.55730054e-01  1.79527238e-01
  2.04501539e-01  2.31010452e-01  2.59580463e-01  2.91065454e-01  3.24042022e-01
  5.61986677e-02  5.45819998e-02  4.80231829e-02  3.98628488e-02  3.15872990e-02
  2.31736284e-02  1.46025047e-02  5.85882133e-03 -3.06860521e-03 -1.21880509e-02
 -2.15057433e-02 -3.10262125e-02 -4.07517180e-02 -5.06796166e-02 -6.07942007e-02
 -7.08196759e-02 -8.07472467e-02 -9.05523226e-02 -1.00199275e-01 -1.09643482e-01
 -1.18832283e-01 -1.27705693e-01 -1.36197165e-01 -1.44234434e-01 -1.51740551e-01
 -1.58635229e-01 -1.64836168e-01 -1.70260727e-01 -1.74827561e-01 -1.78458512e-01
 -1.81080282e-01 -1.82626247e-01 -1.83038011e-01 -1.82266742e-01 -1.80274352e-01
 -1.77034140e-01 -1.72531247e-01 -1.66762501e-01 -1.59735873e-01 -1.51469395e-01
 -1.41989604e-01 -1.31329700e-01 -1.19527325e-01 -1.06622092e-01 -9.26517323e-02
 -7.76477903e-02 -6.16219603e-02 -4.45765816e-02 -2.71664560e-02 -9.40166600e-03
  8.71104281e-03  2.71538049e-02  4.59117591e-02  6.49784133e-02  8.43581408e-02
  1.04067720e-01  1.24137625e-01  1.44613042e-01  1.65554389e-01  1.87036574e-01
  2.09145337e-01  2.31966063e-01  2.55549431e-01  2.79761553e-01  3.03226084e-01
  5.36688007e-02  5.22107258e-02  4.59033772e-02  3.81958708e-02  3.04638334e-02
  2.26467848e-02  1.47119761e-02  6.64136186e-03 -1.57541828e-03 -9.94488876e-03
 -1.84717216e-02 -2.71599200e-02 -3.60139832e-02 -4.50409986e-02 -5.42558208e-02
 -6.33843094e-02 -7.23939389e-02 -8.12517181e-02 -8.99206102e-02 -9.83581170e-02
 -1.06515728e-01 -1.14339039e-01 -1.21768177e-01 -1.28738552e-01 -1.35181740e-01
 -1.41026676e-01 -1.46200821e-01 -1.50631577e-01 -1.54247716e-01 -1.56980947e-01
 -1.58767313e-01 -1.59548700e-01 -1.59274161e-01 -1.57900944e-01 -1.55395463e-01
 -1.51733816e-01 -1.46902218e-01 -1.40896827e-01 -1.33723363e-01 -1.25396058e-01
 -1.15935892e-01 -1.05368480e-01 -9.37235504e-02 -8.10351074e-02 -6.73358068e-02
 -5.26823960e-02 -3.70151997e-02 -2.09578145e-02 -4.53045033e-03  1.22409891e-02
  2.93284133e-02  4.67020348e-02  6.43328354e-02  8.21945816e-02  1.00265041e-01
  1.18526280e-01  1.36963934e-01  1.55564934e-01  1.74312726e-01  1.93178371e-01
  2.12104112e-01  2.30973974e-01  2.49561891e-01  2.67448604e-01  2.83928663e-01
  4.98310290e-02  4.83420826e-02  4.27834727e-02  3.58875766e-02  2.89048739e-02
  2.17951220e-02  1.45589095e-02  7.19968416e-03 -2.80257402e-04 -7.87966512e-03
 -1.55979088e-02 -2.34346092e-02 -3.13893035e-02 -3.94609123e-02 -4.76463325e-02
 -5.59359863e-02 -6.40664622e-02 -7.20096603e-02 -7.97330439e-02 -8.71990919e-02
 -9.43645239e-02 -1.01180665e-01 -1.07594058e-01 -1.13547131e-01 -1.18979171e-01
 -1.23827316e-01 -1.28027692e-01 -1.31516516e-01 -1.34231329e-01 -1.36112198e-01
 -1.37102991e-01 -1.37152597e-01 -1.36215955e-01 -1.34255022e-01 -1.31239325e-01
 -1.27146423e-01 -1.21962301e-01 -1.15681797e-01 -1.08308665e-01 -9.98546258e-02
 -9.03376713e-02 -7.97711387e-02 -6.81695342e-02 -5.55738322e-02 -4.19140793e-02
 -2.77599096e-02 -1.30671198e-02  2.08226242e-03  1.76259000e-02  3.35095376e-02
  4.96819131e-02  6.60925061e-02  8.26909170e-02  9.94268507e-02  1.16250090e-01
  1.33110076e-01  1.49954557e-01  1.66726902e-01  1.83361322e-01  1.99775219e-01
  2.15857998e-01  2.31456056e-01  2.46356532e-01  2.60277599e-01  2.72881508e-01
  4.56231572e-02  4.40801233e-02  3.93317416e-02  3.33490483e-02  2.71113273e-02
  2.06960738e-02  1.41519727e-02  7.50329765e-03  7.62879557e-04 -6.06199820e-03
 -1.29666952e-02 -1.99475903e-02 -2.70010624e-02 -3.41227427e-02 -4.13069203e-02
 -4.85461652e-02 -5.58322333e-02 -6.28943816e-02 -6.97072819e-02 -7.62422606e-02
 -8.24609548e-02 -8.83200392e-02 -9.37717929e-02 -9.87645835e-02 -1.03244208e-01
 -1.07154980e-01 -1.10440560e-01 -1.13044754e-01 -1.14912443e-01 -1.15990490e-01
 -1.16228849e-01 -1.15581654e-01 -1.14008248e-01 -1.11473933e-01 -1.07950062e-01
 -1.03413321e-01 -9.78464484e-02 -9.12403315e-02 -8.35966766e-02 -7.49264210e-02
 -6.52780235e-02 -5.46259321e-02 -4.28741872e-02 -3.05483770e-02 -1.75950993e-02
 -4.08150954e-03  9.94164217e-03  2.44145114e-02  3.92745472e-02  5.44575080e-02
  6.98970184e-02  8.55240822e-02  1.01266846e-01  1.17050737e-01  1.32798746e-01
  1.48431748e-01  1.63868263e-01  1.79023787e-01  1.93808734e-01  2.08125487e-01
  2.21864209e-01  2.34898686e-01  2.47084126e-01  2.58259833e-01  2.68259674e-01
  4.25654165e-02  4.12553400e-02  3.67373042e-02  3.10324281e-02  2.52505839e-02
  1.93961896e-02  1.34795774e-02  7.51020294e-03  1.49474025e-03 -4.56229318e-03
 -1.06573738e-02 -1.67869367e-02 -2.29466017e-02 -2.91306768e-02 -3.53319272e-02
 -4.15417850e-02 -4.77513485e-02 -5.39537519e-02 -5.98763116e-02 -6.55224100e-02
 -7.08428770e-02 -7.57988095e-02 -8.03482309e-02 -8.44423696e-02 -8.80317688e-02
 -9.10670832e-02 -9.34988782e-02 -9.52777341e-02 -9.63545293e-02 -9.66812000e-02
 -9.62116048e-02 -9.49028134e-02 -9.27167833e-02 -8.96220878e-02 -8.55939686e-02
 -8.06046799e-02 -7.46242926e-02 -6.76278472e-02 -5.96172996e-02 -5.04993983e-02
 -4.07419205e-02 -3.02590299e-02 -1.90369505e-02 -7.15001626e-03  5.35408920e-03
  1.84230935e-02  3.20019238e-02  4.60302159e-02  6.04417101e-02  7.51637369e-02
  9.01167095e-02  1.05213836e-01  1.20361224e-01  1.35458708e-01  1.50401264e-01
  1.65081114e-01  1.79390132e-01  1.93222165e-01  2.06474960e-01  2.19051212e-01
  2.30858803e-01  2.41810530e-01  2.51824170e-01  2.60823905e-01  2.68743813e-01
  3.92147303e-02  3.80400680e-02  3.37949358e-02  2.84250043e-02  2.30733417e-02
  1.77429188e-02  1.24290287e-02  7.12681795e-03  1.83198974e-03 -3.45855718e-03
 -8.74614343e-03 -1.40298391e-02 -1.93061065e-02 -2.45685037e-02 -2.98073813e-02
 -3.50094102e-02 -4.01566774e-02 -4.52245697e-02 -5.01767099e-02 -5.50304540e-02
 -5.95028922e-02 -6.36084601e-02 -6.73253015e-02 -7.05870092e-02 -7.33479261e-02
 -7.55672604e-02 -7.72040635e-02 -7.82158822e-02 -7.85587728e-02 -7.81876668e-02
 -7.70569071e-02 -7.51213804e-02 -7.23396614e-02 -6.86834380e-02 -6.41648546e-02
 -5.87471463e-02 -5.23598976e-02 -4.48825993e-02 -3.67442407e-02 -2.78676022e-02
 -1.82786509e-02 -7.98562914e-03  2.99595483e-03  1.46350227e-02  2.68942025e-02
  3.97297479e-02  5.30910566e-02  6.69194311e-02  8.11466426e-02  9.56934467e-02
  1.10468157e-01  1.25365630e-01  1.40267134e-01  1.55041486e-01  1.69547990e-01
  1.83641195e-01  1.97177440e-01  2.10022137e-01  2.22056746e-01  2.33184367e-01
  2.43332878e-01  2.52455592e-01  2.60529339e-01  2.67551273e-01  2.73535043e-01
  3.53867896e-02  3.43663171e-02  3.02085914e-02  2.51771975e-02  2.02885326e-02
  1.55161312e-02  1.08378539e-02  6.23252429e-03  1.68263924e-03 -2.82447087e-03
 -7.29639363e-03 -1.17358007e-02 -1.61407199e-02 -2.05047652e-02 -2.48172153e-02
 -2.90629305e-02 -3.32220532e-02 -3.72695476e-02 -4.11749221e-02 -4.49033976e-02
 -4.84005436e-02 -5.16522750e-02 -5.46844043e-02 -5.71821220e-02 -5.91617227e-02
 -6.06104583e-02 -6.15014620e-02 -6.18002973e-02 -6.14677183e-02 -6.04603104e-02
 -5.87292872e-02 -5.62163293e-02 -5.28434217e-02 -4.84887697e-02 -4.35164273e-02
 -3.78222056e-02 -3.13489288e-02 -2.40781121e-02 -1.60562247e-02 -7.29917130e-03
  2.17825710e-03  1.23626273e-02  2.32380256e-02  3.47832888e-02  4.69714515e-02
  5.97687922e-02  7.31334016e-02  8.70131701e-02  1.01343170e-01  1.16042577e-01
  1.31011263e-01  1.46126568e-01  1.61240935e-01  1.76181838e-01  1.90755263e-01
  2.04754263e-01  2.17972443e-01  2.30220854e-01  2.41344854e-01  2.51237303e-01
  2.59845704e-01  2.67172217e-01  2.73267001e-01  2.78215826e-01  2.82124817e-01
  3.03048901e-02  2.93139368e-02  2.55307481e-02  2.09331121e-02  1.66086461e-02
  1.25021916e-02  8.55755806e-03  4.72909724e-03  9.83623322e-04 -2.70068133e-03
 -6.33616699e-03 -9.92748886e-03 -1.34729836e-02 -1.69656295e-02 -2.03936547e-02
 -2.37408672e-02 -2.69867852e-02 -3.01066563e-02 -3.30714695e-02 -3.58480103e-02
 -3.83986570e-02 -4.06851508e-02 -4.26614024e-02 -4.42513488e-02 -4.54074889e-02
 -4.60915826e-02 -4.62676995e-02 -4.58998308e-02 -4.49512564e-02 -4.33845185e-02
 -4.11618762e-02 -3.82466465e-02 -3.46070714e-02 -3.02273352e-02 -2.51382794e-02
 -1.93347521e-02 -1.28046479e-02 -5.54129947e-03  2.45217583e-03  1.11718969e-02
  2.06135046e-02  3.07719428e-02  4.16405015e-02  5.32096401e-02  6.54658377e-02
  7.83901513e-02  9.19561610e-02  1.06127180e-01  1.20852262e-01  1.36060953e-01
  1.51656494e-01  1.67507604e-01  1.83439657e-01  1.99227363e-01  2.14593306e-01
  2.29218394e-01  2.42769256e-01  2.54938900e-01  2.65488356e-01  2.74276316e-01
  2.81272292e-01  2.86555022e-01  2.90296733e-01  2.92732209e-01  2.94116884e-01
  2.36630198e-02  2.26158909e-02  1.91815570e-02  1.52402464e-02  1.17481686e-02
  8.54553841e-03  5.51966205e-03  2.60094483e-03 -2.51362158e-04 -3.05935880e-03
 -5.83278993e-03 -8.57282337e-03 -1.12743191e-02 -1.39271887e-02 -1.65171977e-02
 -1.90264229e-02 -2.14334875e-02 -2.37137005e-02 -2.58391183e-02 -2.77786292e-02
 -2.94980351e-02 -3.09602339e-02 -3.21244821e-02 -3.29462998e-02 -3.33840661e-02
 -3.33992131e-02 -3.29552367e-02 -3.20169553e-02 -3.05501837e-02 -2.85218656e-02
 -2.59006377e-02 -2.26579644e-02 -1.87699441e-02 -1.42195895e-02 -8.99766758e-03
 -3.09390621e-03  3.50265298e-03  1.08018788e-02  1.88117772e-02  2.75394581e-02
  3.69916931e-02  4.71751429e-02  5.80962598e-02  6.97609410e-02  8.21738765e-02
  9.53375623e-02  1.09250538e-01  1.23904675e-01  1.39280811e-01  1.55342117e-01
  1.72023892e-01  1.89218625e-01  2.06754342e-01  2.24365547e-01  2.41660982e-01
  2.58108795e-01  2.73083359e-01  2.85992801e-01  2.96409488e-01  3.04121792e-01
  3.09132159e-01  3.11651170e-01  3.12089652e-01  3.11002880e-01  3.08958441e-01
  1.41684897e-02  1.26910917e-02  1.00414902e-02  7.63673102e-03  5.62029565e-03
  3.72487470e-03  1.86225993e-03 -2.12630653e-06 -1.88044261e-03 -3.77349579e-03
 -5.67545649e-03 -7.57612009e-03 -9.46206134e-03 -1.13172224e-02 -1.31232068e-02
 -1.48593877e-02 -1.65029429e-02 -1.80288404e-02 -1.94098428e-02 -2.06165295e-02
 -2.16173809e-02 -2.23789420e-02 -2.28660535e-02 -2.30424833e-02 -2.28721742e-02
 -2.23198999e-02 -2.13514529e-02 -1.99337080e-02 -1.80347152e-02 -1.56239141e-02
 -1.26724942e-02 -9.15389322e-03 -5.04432153e-03 -3.23075918e-04  5.02783246e-03
  1.10251093e-02  1.76848546e-02  2.50227973e-02  3.30545753e-02  4.17962484e-02
  5.12648895e-02  6.14791401e-02  7.24597424e-02  8.42300057e-02  9.68161970e-02
  1.10247731e-01  1.24556996e-01  1.39778450e-01  1.55946493e-01  1.73090979e-01
  1.91228807e-01  2.10348636e-01  2.30383232e-01  2.51157582e-01  2.72282690e-01
  2.92923629e-01  3.11554790e-01  3.26660931e-01  3.37555498e-01  3.44060510e-01
  3.46237421e-01  3.44391197e-01  3.39276433e-01  3.32381040e-01  3.25272799e-01
  1.05527649e-03 -1.94941508e-03 -1.64446060e-03 -9.82228783e-04 -9.75214818e-04
 -1.33582531e-03 -1.93835027e-03 -2.71434127e-03 -3.61872511e-03 -4.61743679e-03
 -5.68210986e-03 -6.78746076e-03 -7.90981576e-03 -9.02617536e-03 -1.01135597e-02
 -1.11485170e-02 -1.21067567e-02 -1.29628740e-02 -1.36901764e-02 -1.42605901e-02
 -1.46446759e-02 -1.48117309e-02 -1.47300158e-02 -1.43671073e-02 -1.36903664e-02
 -1.26673309e-02 -1.12660192e-02 -9.45515744e-03 -7.20439525e-03 -4.48451424e-03
 -1.26765820e-03  2.47246656e-03  6.76045846e-03  1.16192540e-02  1.70704108e-02
  2.31346209e-02  2.98322663e-02  3.71839479e-02  4.52110954e-02  5.39367013e-02
  6.33861572e-02  7.35882893e-02  8.45764875e-02  9.63901281e-02  1.09076254e-01
  1.22691542e-01  1.37304753e-01  1.52999505e-01  1.69877365e-01  1.88060820e-01
  2.07695544e-01  2.28950232e-01  2.52012759e-01  2.77084142e-01  3.04388076e-01
  3.34314615e-01  3.61179054e-01  3.79672706e-01  3.91111165e-01  3.96177113e-01
  3.94272447e-01  3.85929227e-01  3.70259523e-01  3.52471381e-01  3.39073300e-01
 -7.47051137e-03 -1.08744288e-02 -9.73420404e-03 -7.76214758e-03 -6.45656465e-03
 -5.65214688e-03 -5.21983718e-03 -5.06500807e-03 -5.11760730e-03 -5.32397721e-03
 -5.64134913e-03 -6.03422103e-03 -6.47190586e-03 -6.92679267e-03 -7.37307593e-03
 -7.78580830e-03 -8.14019516e-03 -8.41108710e-03 -8.57262872e-03 -8.59805476e-03
 -8.45960435e-03 -8.12854990e-03 -7.57532334e-03 -6.76972140e-03 -5.68117341e-03
 -4.27901791e-03 -2.53276923e-03 -4.12363559e-04  2.11161026e-03  5.06770471e-03
  8.48343968e-03  1.23851802e-02  1.67981070e-02  2.17462983e-02  2.72529703e-02
  3.33408453e-02  4.00326625e-02  4.73517850e-02  5.53229414e-02  6.39731213e-02
  7.33326897e-02  8.34366977e-02  9.43265557e-02  1.06052153e-01  1.18674584e-01
  1.32269770e-01  1.46933347e-01  1.62787363e-01  1.79989651e-01  1.98746726e-01
  2.19331473e-01  2.42106006e-01  2.67547220e-01  2.96268374e-01  3.29030514e-01
  3.64132375e-01  3.91048938e-01  4.09573793e-01  4.20181066e-01  4.22518343e-01
  4.16813731e-01  4.01832163e-01  3.79116505e-01  3.59639108e-01  3.44081223e-01
 -1.25100845e-02 -1.60065517e-02 -1.45196775e-02 -1.20593039e-02 -1.01294778e-02
 -8.64656549e-03 -7.52908550e-03 -6.70209900e-03 -6.10119011e-03 -5.67270024e-03
 -5.37231751e-03 -5.16315596e-03 -5.01383888e-03 -4.89680702e-03 -4.78690676e-03
 -4.66026971e-03 -4.49345214e-03 -4.26280871e-03 -3.94406449e-03 -3.51205445e-03
 -2.94060051e-03 -2.20251083e-03 -1.26966648e-03 -1.13184869e-04  1.29636831e-03
  2.98873545e-03  4.99370974e-03  7.34087406e-03  1.00593464e-02  1.31775439e-02
  1.67229809e-02  2.07221322e-02  2.52003651e-02  3.01820114e-02  3.56905535e-02
  4.17489558e-02  4.83801663e-02  5.56077324e-02  6.34566098e-02  7.19541162e-02
  8.11310858e-02  9.10232961e-02  1.01673245e-01  1.13132365e-01  1.25463977e-01
  1.38747290e-01  1.53082937e-01  1.68600991e-01  1.85472861e-01  2.03929663e-01
  2.24291787e-01  2.47018024e-01  2.72786558e-01  3.02599519e-01  3.37540776e-01
  3.68477702e-01  3.91888469e-01  4.07837391e-01  4.16099727e-01  4.16621089e-01
  4.07986164e-01  3.89379799e-01  3.69230539e-01  3.52508456e-01  3.38534087e-01
 -1.47915594e-02 -1.82608124e-02 -1.68869942e-02 -1.42535474e-02 -1.20548392e-02
 -1.02386121e-02 -8.73883720e-03 -7.49252178e-03 -6.44453196e-03 -5.54896193e-03
 -4.76844190e-03 -4.07250971e-03 -3.43574234e-03 -2.83601484e-03 -2.25303019e-03
 -1.66716345e-03 -1.05860014e-03 -4.06736130e-04  3.10205971e-04  1.11538044e-03
  2.03337916e-03  3.09018209e-03  4.31302236e-03  5.73019544e-03  7.37082120e-03
  9.26458463e-03  1.14414459e-02  1.39313415e-02  1.67638585e-02  1.99679155e-02
  2.35714503e-02  2.76011601e-02  3.20823342e-02  3.70388068e-02  4.24930751e-02
  4.84666005e-02  5.49802780e-02  6.20550998e-02  6.97129443e-02  7.79775158e-02
  8.68753940e-02  9.64372829e-02  1.06699362e-01  1.17705032e-01  1.29506946e-01
  1.42169699e-01  1.55773342e-01  1.70418233e-01  1.86231658e-01  2.03377813e-01
  2.22073048e-01  2.42612079e-01  2.65422344e-01  2.91241705e-01  3.18766862e-01
  3.41978282e-01  3.59981745e-01  3.72430354e-01  3.79201978e-01  3.79374534e-01
  3.72618407e-01  3.59505951e-01  3.46834540e-01  3.35245758e-01  3.24820340e-01
 -1.52262170e-02 -1.87079515e-02 -1.72223393e-02 -1.46136181e-02 -1.24249067e-02
 -1.05606960e-02 -8.93813837e-03 -7.49231363e-03 -6.17607916e-03 -4.95654391e-03
 -3.81094590e-03 -2.72302260e-03 -1.68014795e-03 -6.71188405e-04  3.15033802e-04
  1.29079923e-03  2.27017654e-03  3.26941954e-03  4.30714525e-03  5.40433871e-03
  6.58423500e-03  7.87210744e-03  9.29500349e-03  1.08814491e-02  1.26611507e-02
  1.46646956e-02  1.69232264e-02  1.94680970e-02  2.23304424e-02  2.55407095e-02
  2.91281119e-02  3.31201181e-02  3.75420041e-02  4.24166061e-02  4.77642938e-02
  5.36032356e-02  5.99499270e-02  6.68199435e-02  7.42288232e-02  8.21930096e-02
  9.07307342e-02  9.98629257e-02  1.09613955e-01  1.20012350e-01  1.31091416e-01
  1.42889693e-01  1.55451179e-01  1.68824866e-01  1.83062851e-01  1.98215410e-01
  2.14319050e-01  2.31367931e-01  2.49245808e-01  2.67577738e-01  2.85469800e-01
  3.01468015e-01  3.14589530e-01  3.24259073e-01  3.30132782e-01  3.32077414e-01
  3.30294907e-01  3.25797617e-01  3.19851547e-01  3.13310623e-01  3.06690574e-01
 -1.32473530e-02 -1.66746546e-02 -1.54320458e-02 -1.32484110e-02 -1.14697544e-02
 -9.89099592e-03 -8.39612354e-03 -6.92865206e-03 -5.46723185e-03 -4.00905916e-03
 -2.55987444e-03 -1.12815446e-03  2.78264692e-04  1.65414822e-03  2.99795275e-03
  4.31236345e-03  5.60447527e-03  6.88573485e-03  8.17172602e-03  9.48182307e-03
  1.08387591e-02  1.22681241e-02  1.37978559e-02  1.54577764e-02  1.72792096e-02
  1.92946903e-02  2.15377137e-02  2.40424275e-02  2.68431716e-02  2.99737472e-02
  3.34664732e-02  3.73510830e-02  4.16536927e-02  4.63960618e-02  5.15953340e-02
  5.72642945e-02  6.34122044e-02  7.00459257e-02  7.71712810e-02  8.47941861e-02
  9.29216072e-02  1.01562068e-01  1.10725790e-01  1.20424375e-01  1.30670145e-01
  1.41474739e-01  1.52847037e-01  1.64789483e-01  1.77292287e-01  1.90323904e-01
  2.03815609e-01  2.17638060e-01  2.31568977e-01  2.45260611e-01  2.58234978e-01
  2.69947529e-01  2.79901415e-01  2.87728518e-01  2.93222189e-01  2.96357512e-01
  2.97311008e-01  2.96446770e-01  2.94227153e-01  2.91098565e-01  2.87426054e-01
 -7.71436887e-03 -1.06404191e-02 -1.09578287e-02 -1.04258610e-02 -9.77130886e-03
 -8.85907561e-03 -7.66415102e-03 -6.23257319e-03 -4.62639239e-03 -2.90549570e-03
 -1.12262648e-03  6.78335375e-04  2.46304693e-03  4.20674914e-03  5.89386281e-03
  7.51732429e-03  9.07783862e-03  1.05831278e-02  1.20472033e-02  1.34895928e-02
  1.49344793e-02  1.64097361e-02  1.79459434e-02  1.95755847e-02  2.13325452e-02
  2.32520346e-02  2.53707711e-02  2.77271848e-02  3.03612500e-02  3.33135687e-02
  3.66235338e-02  4.03268784e-02  4.44531552e-02  4.90238369e-02  5.40514961e-02
  5.95402531e-02  6.54874891e-02  7.18863234e-02  7.87283555e-02  8.60057250e-02
  9.37123299e-02  1.01843953e-01  1.10397704e-01  1.19370773e-01  1.28758773e-01
  1.38553500e-01  1.48740083e-01  1.59293011e-01  1.70171008e-01  1.81310192e-01
  1.92615673e-01  2.03952357e-01  2.15137467e-01  2.25939408e-01  2.36089110e-01
  2.45306149e-01  2.53334254e-01  2.59975106e-01  2.65112847e-01  2.68727630e-01
  2.70896196e-01  2.71777332e-01  2.71582663e-01  2.70541549e-01  2.68871605e-01
 -1.63514039e-03 -4.19403613e-03 -6.24443218e-03 -7.92312529e-03 -9.16571077e-03
 -8.79360829e-03 -7.65160611e-03 -6.00542827e-03 -4.02907142e-03 -1.85339421e-03
  4.18466778e-04  2.70615914e-03  4.94989799e-03  7.10804248e-03  9.15434118e-03
  1.10754156e-02  1.28687667e-02  1.45413475e-02  1.61085650e-02  1.75934043e-02
  1.90252420e-02  2.04380583e-02  2.18682513e-02  2.33527496e-02  2.49281581e-02
  2.66312640e-02  2.85007171e-02  3.05792782e-02  3.29155549e-02  3.55636701e-02
  3.85795496e-02  4.20144536e-02  4.59082127e-02  5.02846316e-02  5.51495068e-02
  6.04913943e-02  6.62855431e-02  7.25006610e-02  7.91060403e-02  8.60761330e-02
  9.33916420e-02  1.01038262e-01  1.09004416e-01  1.17278785e-01  1.25847802e-01
  1.34693176e-01  1.43789232e-01  1.53099939e-01  1.62575722e-01  1.72149956e-01
  1.81735724e-01  1.91223577e-01  2.00481340e-01  2.09357664e-01  2.17690259e-01
  2.25318342e-01  2.32097998e-01  2.37916902e-01  2.42706120e-01  2.46446475e-01
  2.49168620e-01  2.50946671e-01  2.51886636e-01  2.52112359e-01  2.51752019e-01
  2.41591549e-03 -2.67834170e-04 -3.02003883e-03 -6.01848960e-03 -9.23355483e-03
 -1.04197031e-02 -9.18791629e-03 -6.72138389e-03 -3.91022535e-03 -9.12105781e-04
  2.12978199e-03  5.10547869e-03  7.94114172e-03  1.05905673e-02  1.30272331e-02
  1.52394418e-02  1.72271319e-02  1.90001652e-02  2.05782559e-02  2.19919346e-02
  2.32826099e-02  2.44993363e-02  2.56921444e-02  2.69056689e-02  2.81768944e-02
  2.95373388e-02  3.10183521e-02  3.26588266e-02  3.45150381e-02  3.66684310e-02
  3.92190889e-02  4.22607064e-02  4.58588377e-02  5.00450097e-02  5.48156872e-02
  6.01294264e-02  6.59107715e-02  7.20733777e-02  7.85476863e-02  8.52893069e-02
  9.22726616e-02  9.94825438e-02  1.06907837e-01  1.14537358e-01  1.22356936e-01
  1.30347162e-01  1.38481513e-01  1.46724612e-01  1.55030653e-01  1.63342148e-01
  1.71589106e-01  1.79689214e-01  1.87549397e-01  1.95069030e-01  2.02145085e-01
  2.08678782e-01  2.14582920e-01  2.19789013e-01  2.24252790e-01  2.27957398e-01
  2.30913594e-01  2.33157188e-01  2.34743997e-01  2.35743567e-01  2.36232594e-01
  6.05640979e-03  3.46140587e-03  6.29663526e-04 -2.63916515e-03 -6.50564302e-03
 -8.96549225e-03 -9.43471864e-03 -7.83637445e-03 -4.16292390e-03  1.98381415e-04
  4.39005578e-03  8.28120019e-03  1.18420422e-02  1.50490999e-02  1.78910494e-02
  2.03707051e-02  2.24977583e-02  2.42850594e-02  2.57512312e-02  2.69303918e-02
  2.78867204e-02  2.87152659e-02  2.95086112e-02  3.03253718e-02  3.11914999e-02
  3.21134292e-02  3.30886990e-02  3.41156758e-02  3.52127478e-02  3.64872105e-02
  3.82315814e-02  4.06755991e-02  4.38979305e-02  4.79297489e-02  5.27782887e-02
  5.83921485e-02  6.45358264e-02  7.09091723e-02  7.74053186e-02  8.40044394e-02
  9.07079130e-02  9.75209177e-02  1.04446538e-01  1.11483186e-01  1.18623354e-01
  1.25852764e-01  1.33149832e-01  1.40485168e-01  1.47821277e-01  1.55112520e-01
  1.62305415e-01  1.69339567e-01  1.76149324e-01  1.82666123e-01  1.88821733e-01
  1.94551975e-01  1.99800596e-01  2.04522923e-01  2.08688647e-01  2.12283522e-01
  2.15309635e-01  2.17784300e-01  2.19737783e-01  2.21210316e-01  2.22248629e-01
  9.82201099e-03  7.63231842e-03  5.30672818e-03  2.80904863e-03  1.55351227e-04
 -2.54097744e-03 -4.51701786e-03 -4.44223732e-03 -2.06790376e-03  2.83318176e-03
  8.09399784e-03  1.29173156e-02  1.73008349e-02  2.10616495e-02  2.42514666e-02
  2.69275941e-02  2.91222502e-02  3.08429897e-02  3.20753567e-02  3.27898078e-02
  3.29923853e-02  3.30441631e-02  3.32487449e-02  3.36002670e-02  3.40545662e-02
  3.45598124e-02  3.50548066e-02  3.54589745e-02  3.56510170e-02  3.54498327e-02
  3.60373445e-02  3.77900451e-02  4.05844599e-02  4.44861613e-02  4.95254099e-02
  5.58353700e-02  6.29733875e-02  6.97144419e-02  7.62504041e-02  8.26863050e-02
  8.90858844e-02  9.54892114e-02  1.01920210e-01  1.08390428e-01  1.14901222e-01
  1.21445172e-01  1.28006950e-01  1.34564087e-01  1.41087458e-01  1.47542045e-01
  1.53887659e-01  1.60079971e-01  1.66071966e-01  1.71815634e-01  1.77264005e-01
  1.82373330e-01  1.87105313e-01  1.91429123e-01  1.95322871e-01  1.98774621e-01
  2.01782599e-01  2.04354778e-01  2.06507742e-01  2.08265141e-01  2.09655955e-01
  1.36651676e-02  1.20436409e-02  1.03938878e-02  8.73304438e-03  7.11902138e-03
  5.65595226e-03  4.49107634e-03  3.80946905e-03  4.68910765e-03  8.59450549e-03
  1.34071698e-02  1.83714442e-02  2.31653452e-02  2.70751864e-02  3.03184520e-02
  3.29983532e-02  3.51477489e-02  3.67598459e-02  3.77853774e-02  3.80977355e-02
  3.74380797e-02  3.66994143e-02  3.64710949e-02  3.65345776e-02  3.67600508e-02
  3.70541029e-02  3.73286046e-02  3.74778807e-02  3.73546816e-02  3.67911085e-02
  3.70160751e-02  3.84742543e-02  4.10462581e-02  4.47575934e-02  4.96614426e-02
  5.59033044e-02  6.29377142e-02  6.94889128e-02  7.57300854e-02  8.17881525e-02
  8.77457559e-02  9.36561599e-02  9.95520577e-02  1.05450764e-01  1.11357652e-01
  1.17268682e-01  1.23172238e-01  1.29050508e-01  1.34880498e-01  1.40634879e-01
  1.46282941e-01  1.51791498e-01  1.57125950e-01  1.62251532e-01  1.67134583e-01
  1.71743974e-01  1.76052332e-01  1.80037275e-01  1.83682278e-01  1.86977252e-01
  1.89918771e-01  1.92509830e-01  1.94759339e-01  1.96681306e-01  1.98293850e-01
  8.14423025e-01  8.28320742e-01  8.37485254e-01  8.48836184e-01  8.60602021e-01
  8.72818172e-01  8.85475338e-01  8.99042487e-01  9.12246466e-01  9.26241815e-01
  9.40451205e-01  9.55079377e-01  9.70121741e-01  9.86128330e-01  1.00234973e+00
  1.01915133e+00  1.03629172e+00  1.05422282e+00  1.07291973e+00  1.09197319e+00
  1.11169958e+00  1.13213241e+00  1.15332365e+00  1.17528772e+00  1.19794190e+00
  1.22141051e+00  1.24572420e+00  1.27097487e+00  1.29718137e+00  1.32435048e+00
  1.35253763e+00  1.38182592e+00  1.41227913e+00  1.44396424e+00  1.47695971e+00
  1.51131451e+00  1.54708636e+00  1.58441603e+00  1.62339306e+00  1.66417813e+00
  1.70678282e+00  1.75132060e+00  1.79805315e+00  1.84713423e+00  1.89870703e+00
  1.95287848e+00  2.00994682e+00  2.07021618e+00  2.13396883e+00  2.20123529e+00
  2.27293277e+00  2.34908080e+00  2.43038440e+00  2.51728773e+00  2.61142516e+00
  2.71238494e+00  2.82264948e+00  2.94372606e+00  3.07655597e+00  3.22767925e+00
  3.39863586e+00  3.60293889e+00  3.85609388e+00  4.23242044e+00  5.93183279e+00
   85   87
  1.12304747e+00 -5.00000007e-02  1.12194586e+00  5.00000007e-02  1.12485230e+00
  1.50000006e-01  1.13208747e+00  2.50000000e-01  1.13769555e+00  3.00000012e-01
  1.15262949e+00  4.00000006e-01  1.16285932e+00  4.49999988e-01  1.18531251e+00
  5.37774801e-01  1.20563495e+00  6.00000024e-01  1.22611725e+00  6.49999976e-01
  1.25136101e+00  6.99999988e-01  1.28358531e+00  7.50000000e-01  1.31812501e+00
  7.90131748e-01  1.34468746e+00  8.14512551e-01  1.39781249e+00  8.48164976e-01
  1.42437506e+00  8.60784888e-01  1.47749996e+00  8.75703573e-01  1.53062499e+00
  8.80886614e-01  1.58375001e+00  8.78385782e-01  1.63687503e+00  8.68893564e-01
  1.69000006e+00  8.52062762e-01  1.71656251e+00  8.41081083e-01  1.76968753e+00
  8.15904617e-01  1.79720497e+00  8.00000012e-01  1.84937501e+00  7.66452193e-01
  1.87593746e+00  7.46741951e-01  1.92906249e+00  7.05201447e-01  1.95562506e+00
  6.81781471e-01  1.98896003e+00  6.49999976e-01  2.03531241e+00  6.01186335e-01
  2.06187510e+00  5.69366395e-01  2.08843756e+00  5.34430563e-01  2.11500001e+00
  4.96135622e-01  2.14430428e+00  4.49999988e-01  2.17183208e+00  4.00000006e-01
  2.19609308e+00  3.49999994e-01  2.22125006e+00  2.89381117e-01  2.24781251e+00
  2.15610757e-01  2.26627922e+00  1.50000006e-01  2.27665806e+00  1.00000001e-01
  2.28426766e+00  0.00000000e+00  2.27437496e+00 -9.35539007e-02  2.26161075e+00
 -1.50000006e-01  2.24524283e+00 -2.00000003e-01  2.22125006e+00 -2.58931518e-01
  2.19468760e+00 -3.11839163e-01  2.16812491e+00 -3.57433617e-01  2.13965011e+00
 -4.00000006e-01  2.10285306e+00 -4.49999988e-01  2.06187510e+00 -4.99982148e-01
  2.03531241e+00 -5.29077232e-01  2.00874996e+00 -5.57078242e-01  1.96494079e+00
 -6.00000024e-01  1.92906249e+00 -6.33850873e-01  1.90250003e+00 -6.58154130e-01
  1.85462475e+00 -6.99999988e-01  1.82281256e+00 -7.27734983e-01  1.79615188e+00
 -7.50000000e-01  1.74312496e+00 -7.93386936e-01  1.71656251e+00 -8.15682828e-01
  1.67303312e+00 -8.50000024e-01  1.63687503e+00 -8.80208075e-01  1.61031246e+00
 -9.00981784e-01  1.55718756e+00 -9.42199290e-01  1.53062499e+00 -9.63989615e-01
  1.48173749e+00 -1.00000000e+00  1.45093751e+00 -1.02592242e+00  1.40515697e+00
 -1.05764759e+00  1.38593888e+00 -1.07340693e+00  1.37125003e+00 -1.04157937e+00
  1.34468746e+00 -9.89451766e-01  1.31812501e+00 -9.31469023e-01  1.29156256e+00
 -8.68651807e-01  1.26517153e+00 -8.00000012e-01  1.24772227e+00 -7.50000000e-01
  1.23073637e+00 -6.99999988e-01  1.21187496e+00 -6.38430178e-01  1.18823206e+00
 -5.50000012e-01  1.17634618e+00 -5.00000000e-01  1.15875006e+00 -4.11032557e-01
  1.14899290e+00 -3.49999994e-01  1.13677490e+00 -2.50000000e-01  1.13182318e+00
 -2.00000003e-01  1.12504053e+00 -1.00000001e-01  1.12304747e+00 -5.00000007e-02
  1.01730001e+00  0.00000000e+00  1.01932001e+00  1.11591995e+00  1.01127005e+00
  1.16271996e+00  1.00224996e+00  1.21238995e+00  1.02639997e+00  1.21238995e+00
  1.03497005e+00  1.16392004e+00  1.03842998e+00  1.16235995e+00  1.06122005e+00
  1.16356003e+00  1.09895003e+00  1.16589999e+00  1.13813996e+00  1.16823995e+00
  1.16191995e+00  1.17446005e+00  1.19008005e+00  1.18699002e+00  1.21012998e+00
  1.20185006e+00  1.23081994e+00  1.22499001e+00  1.23939002e+00  1.23863995e+00
  1.26108003e+00  1.28634000e+00  1.28076005e+00  1.33403003e+00  1.28076005e+00
  1.34810996e+00  1.33062005e+00  1.34810996e+00  1.41947997e+00  1.34748995e+00
  1.41947997e+00  1.31036997e+00  1.37993002e+00  1.31093001e+00  1.37410998e+00
  1.30689001e+00  1.36740994e+00  1.26408994e+00  1.36789000e+00  1.22646999e+00
  1.37232995e+00  1.19475996e+00  1.38840997e+00  1.16448998e+00  1.40222001e+00
  1.15728998e+00  1.41559005e+00  1.15646994e+00  1.42587996e+00  1.16276002e+00
  1.48800004e+00  1.23930001e+00  1.49823999e+00  1.23380995e+00  1.49109995e+00
  1.21349001e+00  1.49501002e+00  1.16171002e+00  1.47765005e+00  1.12226999e+00
  1.48169005e+00  1.11591995e+00  1.49105000e+00  1.11275005e+00  1.52942002e+00
  1.10483003e+00  1.60203004e+00  1.09308004e+00  1.64134002e+00  1.07020998e+00
  1.64687002e+00  1.07845998e+00  1.78340006e+00  1.07209003e+00  2.04518008e+00
  1.03909004e+00  2.05605006e+00  1.04322004e+00  2.10643005e+00  9.99729991e-01
  2.08569002e+00  8.69265974e-01  2.22220993e+00  5.19111991e-01  2.24294996e+00
  4.48630989e-01  2.30183005e+00  2.80676991e-01  2.31151009e+00  2.79680014e-01
  2.33364010e+00  2.19329998e-01  2.34012008e+00  2.19872996e-01  2.34645009e+00
  1.98669001e-01  2.34827995e+00  6.32878989e-02  2.35109997e+00  4.20836993e-02
  2.34827995e+00 -2.54776001e-01  2.34645009e+00 -2.72718012e-01  2.34461999e+00
 -4.10818011e-01  2.35109997e+00 -4.20603991e-01  2.23979998e+00 -6.84297979e-01
  2.22333002e+00 -6.84297979e-01  2.21052003e+00 -7.14201987e-01  2.21318007e+00
 -7.32686996e-01  2.20670009e+00 -7.53892004e-01  2.20021009e+00 -7.35949993e-01
  2.18756008e+00 -7.71290004e-01  2.19388008e+00 -7.89776027e-01  2.13232994e+00
 -9.45818007e-01  1.78394997e+00 -1.15894997e+00  1.74519002e+00 -1.23995996e+00
  1.74687004e+00 -1.24047995e+00  1.74579000e+00 -1.24380004e+00  1.64520001e+00
 -1.24479997e+00  1.40117002e+00 -1.24477005e+00  1.38558996e+00 -1.24820995e+00
  1.37489998e+00 -1.25832999e+00  1.36953998e+00 -1.26941001e+00  1.36824000e+00
 -1.27555001e+00  1.36860001e+00 -1.32246995e+00  1.37256002e+00 -1.32470000e+00
  1.42770004e+00 -1.32470000e+00  1.42770004e+00 -1.35782003e+00  1.16450000e+00
 -1.35894001e+00  1.01627004e+00 -1.21800005e+00  1.01750004e+00 -1.21700001e+00
  1.01730001e+00 -1.00000005e-03  1.01730001e+00  0.00000000e+00
    0 0.000000000e+00    0
  0.00000000e+00  8.60222429e-02  1.22394361e-01  1.50504917e-01  1.74467489e-01
  1.95822001e-01  2.15341330e-01  2.32118443e-01  2.49235407e-01  2.65640050e-01
  2.81339347e-01  2.96282798e-01  3.10779572e-01  3.24895501e-01  3.38681698e-01
  3.52032095e-01  3.65152001e-01  3.78036171e-01  3.90730113e-01  4.03249025e-01
  4.15545702e-01  4.27724272e-01  4.39796627e-01  4.51786965e-01  4.63668823e-01
  4.75444615e-01  4.87191200e-01  4.98892605e-01  5.10536671e-01  5.22174597e-01
  5.33782363e-01  5.45384049e-01  5.57001233e-01  5.68617761e-01  5.80269039e-01
  5.91948628e-01  6.03657782e-01  6.15427911e-01  6.27244115e-01  6.39140487e-01
  6.51106894e-01  6.63148761e-01  6.75292909e-01  6.87542260e-01  6.99910820e-01
  7.12401628e-01  7.25014329e-01  7.37778723e-01  7.50720203e-01  7.63814867e-01
  7.77116120e-01  7.90605664e-01  8.04335237e-01  8.18271339e-01  8.32520008e-01
  8.47003341e-01  8.61831605e-01  8.77020419e-01  8.92554939e-01  9.08591926e-01
  9.25085783e-01  9.42270696e-01  9.60173249e-01  9.79213476e-01  1.00000000e+00
    0
