&INSTATE
  DENSITY_MODEL = 0 
  MODEL_SHAPE = 0
  IP = 0.584584461385 
  B0 = 1.79238500846 
  A0 = 0.46
  R0 = 1.79999995 
  RMAJOR = 1.76597910596 
  AMINOR = 0.460260718934 
  KAPPA = 1.6568763532 
  DELTA = 0.759407533276 
  N_ION = 1 
  Z_ION = 1 
  A_ION = 2 
  F_ION = 1.0 
  N_IMP = 1 
  Z_IMP = 6 
  A_IMP = 12 
  F_IMP = 1.0 
  N_MIN = 0 
  Z_MIN = 1 
  A_MIN = 1 
  N_BEAM = 1 
  Z_BEAM = 1 
  A_BEAM = 2 
  N_FUSION = 1 
  Z_FUSION = 2 
  A_FUSION = 4 
  NRHO = 101 
  RHO = 0.0 0.01 0.02 0.03 0.04 0.05 0.06 0.07 0.08 0.09 0.1 0.11 0.12  
    0.13 0.14 0.15 0.16 0.17 0.18 0.19 0.2 0.21 0.22 0.23 0.24 0.25  
    0.26 0.27 0.28 0.29 0.3 0.31 0.32 0.33 0.34 0.35000000000000003  
    0.36 0.37 0.38 0.39 0.4 0.41000000000000003 0.42 0.43 0.44 0.45  
    0.46 0.47000000000000003 0.48 0.49 0.5 0.51 0.52 0.53 0.54 0.55  
    0.56 0.5700000000000001 0.58 0.59 0.6 0.61 0.62 0.63 0.64 0.65 0.66  
    0.67 0.68 0.6900000000000001 0.7000000000000001 0.71 0.72 0.73 0.74  
    0.75 0.76 0.77 0.78 0.79 0.8 0.81 0.8200000000000001  
    0.8300000000000001 0.84 0.85 0.86 0.87 0.88 0.89 0.9 0.91 0.92 0.93  
    0.9400000000000001 0.9500000000000001 0.96 0.97 0.98 0.99 1.0 
  NE = 4.2261392 4.2259895 4.2254927 4.224524000000001  
    4.222906600000001 4.2204594 4.2170611000000005 4.212684200000001  
    4.2072392 4.2006384 4.1928208 4.1837216 4.1732852000000005  
    4.1614626 4.148214200000001 4.1335101000000005 4.1173274  
    4.0996478000000005 4.0804568 4.0597468999999995 4.0375193000000005  
    4.0137823 3.9885497 3.9618395 3.9336742000000005 3.9040849000000004  
    3.8731175 3.8408267000000005 3.8072602000000004 3.7724584 3.7364627  
    3.6993289 3.6611304 3.6219448 3.5818524 3.540934 3.4992663000000004  
    3.4569269 3.4140012 3.3705795000000003 3.3267588000000003 3.2826375  
    3.2383064 3.1938507000000005 3.1493613000000003 3.1049333000000003  
    3.0606641000000003 3.0166526000000005 2.9729859000000003  
    2.9297484000000003 2.8870252 2.8449006000000003 2.8034589000000003  
    2.7627811 2.7229415 2.6840105000000003 2.6460536 2.6091336  
    2.5733103 2.5386378 2.5051656 2.4729376 2.4419921 2.412362 2.384075  
    2.3571538000000003 2.331616 2.3074727 2.2847289 2.2633857 2.2434371  
    2.2248725 2.2076759 2.1918258 2.1772956000000003 2.1640536000000004  
    2.1520631000000003 2.1412822 2.1316631999999998 2.1231518 2.1156843  
    2.1091828 2.1035451 2.0986254 2.0941991000000004 2.0898958000000003  
    2.0850806 2.0786513 2.0687076 2.0520697 2.0237089999999998  
    1.9764688000000001 1.9020061 1.7938098 1.6535086 1.496124  
    1.3405135000000001 1.2035265000000002 1.1032699 1.0397933000000001  
    0.9999996 
  TE = 3.914463019831616 3.9144626025880114 3.9144563440508957  
    3.914429224149167 3.9143562106169076 3.9142022621728465  
    3.9139223363403404 3.9134614053657337 3.9127544846615985  
    3.911726679170025 3.9102932539994457 3.9083597366282095  
    3.905822058878568 3.902566747733196 3.8984711748762555  
    3.893403875572895 3.887224948131109 3.8797865456907084  
    3.870933472424485 3.8605038963807523 3.8483301911056427  
    3.8342399178150224 3.8180569591951 3.799602814850556  
    3.77869806694195 3.7551640226138163 3.728824537367218  
    3.699508020536403 3.6670496204573526 3.631293582744711  
    3.592095770315622 3.549326328423586 3.502872472023571  
    3.4526413663363105 3.3985630646000935 3.340593459808529  
    3.278717199886521 3.212950508444848 3.143343846208074  
    3.0699843417034223 2.992997914140588 2.91255100695151  
    2.828851847571379 2.7421511481251803 2.6527421631443615  
    2.560960024675424 2.467180282530709 2.371816588297328  
    2.2753174763150206 2.178162213307256 2.080855710718389  
    1.9839225199252581 1.8878999600120865 1.79333046015847  
    1.7007532330837296 1.610695431351179 1.5236629733368605  
    1.440131258734756 1.3605360228115182 1.2852646022773877  
    1.2146479015511125 1.1489533543142534 1.0883791696507008  
    1.0330501331001805 0.9830151994079701 0.9382470650291095  
    0.8986438447382772 0.8640328991565448 0.8341767708743866  
    0.8087810895405374 0.7875042053927843 0.7699682119097282  
    0.7557709281064546 0.7444983365150415 0.7357369210518225  
    0.729085325928849 0.724164766873384 0.7206276704995174  
    0.7181640934527138 0.7165055700068622 0.715426135788227  
    0.7147403433447541 0.7142980695071248 0.7139757316062008  
    0.7136630490522081 0.7132435054115404 0.712564877910593  
    0.7113931895177162 0.7093388022907865 0.7057373526421061  
    0.6994638959524141 0.6886680263665059 0.6704752281609491  
    0.6408750531550108 0.5953608020463297 0.5311192350606173  
    0.4506037640894308 0.3634707675799316 0.2829552966087443  
    0.2187137296230322 0.17319947851435125 
  TI = 6.4377695524191605 6.43527817820055 6.428660358293794  
    6.418331288802964 6.404501264995492 6.387318888120841  
    6.366903129904992 6.34335627121267 6.316770397809615  
    6.287231099236564 6.254819757202087 6.219615046699072  
    6.181693963925657 6.14113255318064 6.098006433425345  
    6.052391186516978 6.004362646937533 5.953997119508795  
    5.901371543244686 5.846563614097992 5.7896518757660935  
    5.730715785266831 5.669835758281985 5.607093198045059  
    5.542570510664913 5.476351109124472 5.4085194077061285  
    5.339160808225929 5.268361679175223 5.196209328648424  
    5.122791971763038 5.048198693141235 4.972519404912696  
    4.895844800609863 4.818266305254298 4.739876021873093  
    4.660766674634431 4.581031548749343 4.500764427250802  
    4.4200595247302275 4.339011418084256 4.257714974300396  
    4.176265275288146 4.0947575397420675 4.013287042004215  
    3.9319490278752762 3.850838627306098 3.7700507638838117  
    3.689680061009093 3.6098207446429678 3.530566542482787  
    3.452010579406947 3.3742452690067433 3.2973622010006185  
    3.2214520243009286 3.14660432547558 3.072907502316019  
    3.000448632188447 2.9293133348060256 2.85958562901519  
    2.7913477831378497 2.72468015835145 2.6596610445182236  
    2.596366487790191 2.534870109212341 2.4752429134151095  
    2.4175530863161514 2.361865780519741 2.3082428867754254  
    2.2567427893771406 2.2074201026493743 2.1603253845039707  
    2.115504821156894 2.072999873938566 2.032846873784191  
    1.995076539815945 1.9597133825452913 1.9267749245493773  
    1.8962706230450497 1.8682002937807471 1.8425516862099052  
    1.8192965969513133 1.7983844461364056 1.7797314299079794  
    1.7632019456603183 1.7485765361816283 1.7354964352858029  
    1.7233679611608084 1.7111995320002475 1.697330435491359  
    1.679000539128615 1.6517311807098847 1.6086169862705648  
    1.5400126931680582 1.4348775196079522 1.2864833764485186  
    1.100497497111161 0.8992255331066595 0.7132396537693  
    0.5648455106098671 0.4597103370497614 
  OMEGA = 173612.7095703804 173206.75100449688 172646.5364176701  
    172008.84485333847 171315.4613858264 170577.90209900498  
    169803.48986644446 168997.37079796923 168163.39973149405  
    167304.59611327632 166423.40472806184 165521.85650749734  
    164601.67353790926 163664.3407747589 162711.15682613614  
    161743.27100652698 160761.71106184964 159767.40436510032  
    158761.19442450805 157743.8539518804 156716.09535792217  
    155678.57929018952 154631.92165963465 153576.6994844754  
    152513.45579755382 151442.70380415957 150364.93043418898  
    149280.59940066628 148190.15385281618 147094.0186938272  
    145992.6026196194 144886.29992424257 143775.49210919114  
    142660.54932735898 141541.8316871588 140419.69043818116  
    139294.46905644017 138166.5042445681 137036.12686014822  
    135903.66278360883 134769.43373566266 133633.75805310137  
    132496.9514307931 131359.32763693834 130221.19920798438  
    129082.87812904069 127944.6765051514 126806.90722832702  
    125669.88464477731 124533.92522626775 123399.34824888116  
    122266.47648160851 121135.63688599881 120007.16132639411  
    118881.38728781634 117758.65859502548 116639.32612114618  
    115523.7484668992 114412.29258092411 113305.33427661796  
    112203.25857947652 111106.45980850325 110015.34125218443  
    108930.31423870537 107851.79631434078 106780.2081233159  
    105715.9684129788 104659.48635051472 103611.1500048499  
    102571.30938282302 101540.25176134577 100518.16615795539  
    99505.09253780615 98500.84964268433 97504.93298869114  
    96516.37141889811 95533.52639415521 94553.81274822615  
    93573.31281601767 92586.24787642594 91584.26270862328  
    90555.47337904735 89483.23120725974 88344.58003499609  
    87108.45564322578 85733.84928312953 84168.55417122666  
    82350.1092001086 80214.24110613432 77794.04726823917  
    75074.7719357634 71679.04552946413 67583.44120713991  
    62845.79920479683 57623.17152349469 52162.916240270315  
    46761.399967114194 41702.58546709231 37201.86353510069  
    33376.95867376678 30250.922727299127 
  ZEFF = 1.7 1.7 1.7 1.7 1.7 1.7 1.7 1.7 1.7 1.7 1.7 1.7 1.7 1.7 1.7  
    1.7 1.7 1.7 1.7 1.7 1.7 1.7 1.7 1.7 1.7 1.7 1.7 1.7 1.7 1.7 1.7 1.7  
    1.7 1.7 1.7 1.7 1.7 1.7 1.7 1.7 1.7 1.7 1.7 1.7 1.7 1.7 1.7 1.7 1.7  
    1.7 1.7 1.7 1.7 1.7 1.7 1.7 1.7 1.7 1.7 1.7 1.7 1.7 1.7 1.7 1.7 1.7  
    1.7 1.7 1.7 1.7 1.7 1.7 1.7 1.7 1.7 1.7 1.7 1.7 1.7 1.7 1.7 1.7 1.7  
    1.7 1.7 1.7 1.7 1.7 1.7 1.7 1.7 1.7 1.7 1.7 1.7 1.7 1.7 1.7 1.7 1.7  
    1.7 
  J_TOT = 1.18055492308 1.17975315385 1.17753384615 1.17417646154  
    1.16996 1.16516307692 1.16006530769 1.15494546154 1.15008323077  
    1.145757 1.14220784615 1.13929484615 1.13664115385 1.13386484615  
    1.13063123077 1.126921 1.12286576923 1.11858415385 1.11409107692  
    1.10934746154 1.104326 1.09902607692 1.09345425385 1.08760901538  
    1.08148375385 1.07508447692 1.06842613077 1.06151111538  
    1.05432572308 1.04684413846 1.03907505385 1.03104688462  
    1.02274663077 1.01415950769 1.00529413846 0.996148523077  
    0.986719738462 0.977008207692 0.967010453846 0.956723038462  
    0.946151230769 0.935303623077 0.924172769231 0.912757592308  
    0.901059184615 0.889077307692 0.876812323077 0.864265646154  
    0.851439415385 0.838335530769 0.824955330769 0.811301361538  
    0.797375746154 0.783181453846 0.768722123077 0.754002407692  
    0.739025961538 0.723797569231 0.708322076923 0.692604561538  
    0.676650769231 0.660467715385 0.644062646154 0.627442569231  
    0.610615723077 0.593590507692 0.576375692308 0.558981153846  
    0.541417253846 0.523694453846 0.505824515385 0.487819623077  
    0.469692253846 0.451455738462 0.433124161538 0.414711684615  
    0.396233607692 0.377705838462 0.359145030769 0.3405683  
    0.321993846154 0.303440915385 0.284929407692 0.266480407692  
    0.248115869231 0.229859030769 0.211735107692 0.193771030769  
    0.175994523077 0.158434607692 0.141122615385 0.124101238462  
    0.107406276154 0.0910678453846 0.0752071592308 0.0598655115385  
    0.0448399315385 0.0306931569231 0.0187088192308 0.00882409946154  
    -1.50240384615e-10 
  P_EQ = 108071.378769 108032.408194 107915.568081 107721.073008  
    107449.279687 107100.685643 106675.927421 106175.778411  
    105601.146348 104953.070612 104232.719587 103441.387345  
    102580.491245 101651.569353 100656.278889 99596.3870176  
    98473.7654924 97290.3842209 96048.3027858 94749.6788334  
    93396.7808559 91991.9070585 90537.4482931 89035.8645498  
    87489.6648273 85901.4330198 84273.7943588 82609.4151076  
    80911.010437 79181.2855695 77423.0106383 75638.9413162 73831.864303  
    72004.5903637 70159.8905885 68300.5446171 66429.3250444  
    64548.967338 62662.1898738 60771.7066813 58880.1858722  
    56990.2404712 55104.4378835 53225.3076793 51355.3266273  
    49496.9126474 47652.4187959 45824.1338756 44014.2784283  
    42224.9957309 40458.3499893 38716.3282272 37000.838428  
    35313.7037129 33656.6594371 32031.3493114 30439.3236876  
    28882.0403513 27360.8630655 25877.0610036 24431.8045528  
    23026.1641134 21661.1101456 20337.5149695 19056.1530191  
    17817.7001623 16622.73173 15471.7218897 14365.0465857 13302.9832736  
    12285.7120421 11313.3211843 10385.8069605 9503.07245916  
    8664.92758158 7871.08944168 7121.18309233 6414.7471648  
    5751.24672562 5130.06893097 4550.51922563 4011.81372907  
    3513.08669687 3053.41580506 2631.8224386 2247.25104268  
    1898.54135442 1584.50749592 1303.92658176 1055.4867855  
    837.773605799 649.411170928 488.930796715 354.686517763  
    245.159035957 158.610690241 93.1626101212 47.1003532226  
    18.0821803124 4.12320225988 0.0106630200848 
  NBDRY = 74 
  RBDRY = 1.31022632 1.30716107 1.30669885 1.30871041 1.31317279  
    1.32019832 1.328125 1.33596261 1.35027636 1.35879692 1.37376165  
    1.37919707 1.40890103 1.4453125 1.4921875 1.5390625 1.57283918  
    1.609375 1.65625 1.68658617 1.7265625 1.7734375 1.796875 1.84375  
    1.8671875 1.9140625 1.9375 1.97034712 2.0078125 2.03125 2.05827219  
    2.09332523 2.12341673 2.1484375 2.17053189 2.18826625 2.20235185  
    2.21875 2.22418734 2.22242433 2.21664134 2.1953125 2.17893468  
    2.15897982 2.13488176 2.10624261 2.078125 2.0546875 2.03125  
    1.98560678 1.9609375 1.9283627 1.890625 1.85574777 1.8203125  
    1.7734375 1.74917467 1.703125 1.65625 1.609375 1.5625 1.5268339  
    1.4921875 1.46272236 1.42729407 1.40262097 1.38389083 1.36903714  
    1.3515625 1.33839485 1.328125 1.32027826 1.31280268 1.31022632 
  ZBDRY = 0.0 0.09375 0.1875 0.28125 0.375 0.46875 0.547308186 0.609375  
    0.703125 0.75 0.824805003 0.852735007 0.84375 0.837437913  
    0.825038582 0.809890361 0.796875 0.784279239 0.764828122 0.75  
    0.731462521 0.70540146 0.692130745 0.662217774 0.646267257  
    0.610825515 0.592169714 0.5625 0.526328863 0.501028793 0.46875  
    0.421875 0.375 0.329271189 0.28125 0.234375 0.1875 0.102838969  
    0.046875 -0.046875 -0.09375 -0.186392602 -0.234375 -0.28125  
    -0.328125 -0.375 -0.41474895 -0.444301409 -0.470477357 -0.515625  
    -0.537804693 -0.5625 -0.589460992 -0.609375 -0.628768586  
    -0.648363019 -0.65625 -0.669344527 -0.676694156 -0.677484644  
    -0.669994078 -0.65625 -0.636560423 -0.609375 -0.5625 -0.515625  
    -0.46875 -0.421875 -0.350860431 -0.28125 -0.209673063 -0.140625  
    -0.046875 0.0 
  NLIM = 27 
  RLIM = 1.265 1.608 1.683 1.631 1.578 1.593 1.626 2.006 2.233 2.235  
    2.263 2.298 2.316 2.316 2.298 2.263 2.235 2.233 2.006 1.626 1.593  
    1.578 1.631 1.683 1.608 1.265 1.265
  ZLIM = 1.085 1.429 1.431 1.326 1.32 1.153 1.09 0.773 0.444 0.369 0.31  
    0.189 0.062 -0.062 -0.189 -0.31 -0.369 -0.444 -0.773 -1.09 -1.153  
    -1.32 -1.326 -1.431 -1.429 -1.085 1.085
/
