&INSTATE
  TOKAMAK_ID = 'd3d' 
  MODEL_SHAPE = 0 
  DENSITY_MODEL = 0 
  MODEL_BEAM = 1
  R0 = 1.6955 
  B0 = 1.911 
  IP = 1.3525 
  N_ION = 1 
  Z_ION = 1 
  A_ION = 2 
  F_ION = 1 
  N_IMP = 1 
  Z_IMP = 6 
  A_IMP = 12 
  F_IMP = 1 
  N_MIN = 0 
  Z_MIN = 1 
  A_MIN = 1 
  N_BEAM = 1 
  Z_BEAM = 1 
  A_BEAM = 2 
  N_FUSION = 1 
  Z_FUSION = 2 
  A_FUSION = 4 
  NRHO = 101 
  RHO = 0.0 0.01 0.02 0.03 0.04 0.05 0.06 0.07 0.08 0.09 0.1 0.11 0.12  
    0.13 0.14 0.15 0.16 0.17 0.18 0.19 0.2 0.21 0.22 0.23 0.24 0.25  
    0.26 0.27 0.28 0.29 0.3 0.31 0.32 0.33 0.34 0.35 0.36 0.37 0.38  
    0.39 0.4 0.41 0.42 0.43 0.44 0.45 0.46 0.47 0.48 0.49 0.5 0.51 0.52  
    0.53 0.54 0.55 0.56 0.57 0.58 0.59 0.6 0.61 0.62 0.63 0.64 0.65  
    0.66 0.67 0.68 0.69 0.7 0.71 0.72 0.73 0.74 0.75 0.76 0.77 0.78  
    0.79 0.8 0.81 0.82 0.83 0.84 0.85 0.86 0.87 0.88 0.89 0.9 0.91 0.92  
    0.93 0.94 0.95 0.96 0.97 0.98 0.99 1.0 
  NE = 3.35 3.349 3.348 3.3451 3.3422 3.3374 3.3326 3.326 3.3194  
    3.31105 3.3027 3.2927 3.2827 3.2711 3.2595 3.24635 3.2332 3.21855  
    3.2039 3.18785 3.1718 3.1544 3.137 3.1183 3.0996 3.0797 3.0598  
    3.03875 3.0177 2.99555 2.9734 2.9502 2.927 2.9029 2.8788 2.85375  
    2.8287 2.80285 2.777 2.7504 2.7238 2.69645 2.6691 2.64115 2.6132  
    2.5847 2.5562 2.52715 2.4981 2.46865 2.4392 2.40935 2.3795 2.34935  
    2.3192 2.2888 2.2584 2.2278 2.1972 2.1665 2.1358 2.10505 2.0743  
    2.0436 2.0129 1.98225 1.9516 1.92105 1.8905 1.8601 1.8297 1.7994  
    1.7691 1.73895 1.7088 1.6787 1.6486 1.6186 1.5886 1.5587 1.5288  
    1.499 1.4692 1.4394 1.4096 1.3799 1.3502 1.3206 1.291 1.2614 1.2318  
    1.2022 1.1726 1.1431 1.1136 1.0841 1.0546 1.025085 0.99557 0.966085  
    0.9366 
  TE = 3.3038 3.3008 3.2978 3.289 3.2802 3.26605 3.2519 3.2328 3.2137  
    3.19005 3.1664 3.13855 3.1107 3.07905 3.0474 3.0124 2.9774 2.93945  
    2.9015 2.86095 2.8204 2.77765 2.7349 2.69035 2.6458 2.5999 2.554  
    2.50715 2.4603 2.4128 2.3653 2.31765 2.27 2.2225 2.175 2.12815  
    2.0813 2.03535 1.9894 1.9444 1.8994 1.8554 1.8114 1.7683 1.7252  
    1.68315 1.6411 1.6 1.5589 1.5188 1.4787 1.4396 1.4005 1.36245  
    1.3244 1.28735 1.2503 1.21425 1.1782 1.1432 1.1082 1.07425 1.0403  
    1.00741 0.97452 0.94268 0.91084 0.88007 0.8493 0.8196 0.7899  
    0.761285 0.73267 0.705145 0.67762 0.651195 0.62477 0.59945 0.57413  
    0.549925 0.52572 0.50264 0.47956 0.457605 0.43565 0.41478 0.39391  
    0.373995 0.35408 0.334985 0.31589 0.297475 0.27906 0.261185 0.24331  
    0.22585 0.20839 0.1912 0.17401 0.15696 0.13991 
  TI = 2.8352 2.831 2.8268 2.81485 2.8029 2.78395 2.765 2.73985 2.7147  
    2.6843 2.6539 2.6189 2.5839 2.54525 2.5066 2.4651 2.4236 2.38005  
    2.3365 2.2917 2.2469 2.20175 2.1566 2.1118 2.067 2.0235 1.98  
    1.93805 1.8961 1.85575 1.8154 1.77655 1.7377 1.7004 1.6631 1.6272  
    1.5913 1.55685 1.5224 1.48925 1.4561 1.4243 1.3925 1.362 1.3315  
    1.30215 1.2728 1.2447 1.2166 1.1896 1.1626 1.13675 1.1109 1.08605  
    1.0612 1.0374 1.0136 0.990715 0.96783 0.94589 0.92395 0.90289  
    0.88183 0.8616 0.84137 0.82193 0.80249 0.78379 0.76509 0.7471  
    0.72911 0.71177 0.69443 0.67771 0.66099 0.644835 0.62868 0.613055  
    0.59743 0.582285 0.56714 0.552435 0.53773 0.52342 0.50911 0.49515  
    0.48119 0.467535 0.45388 0.44049 0.4271 0.41393 0.40076 0.387765  
    0.37477 0.361905 0.34904 0.33626 0.32348 0.31075 0.29802 
  ZEFF = 1.686 1.68635 1.6867 1.68775 1.6888 1.6905 1.6922 1.69445  
    1.6967 1.69955 1.7024 1.70575 1.7091 1.7129 1.7167 1.721 1.7253  
    1.7299 1.7345 1.7395 1.7445 1.7498 1.7551 1.76065 1.7662 1.772  
    1.7778 1.78375 1.7897 1.7958 1.8019 1.8081 1.8143 1.8205 1.8267  
    1.83295 1.8392 1.84545 1.8517 1.85785 1.864 1.87 1.876 1.8819  
    1.8878 1.89345 1.8991 1.90455 1.91 1.9151 1.9202 1.92505 1.9299  
    1.93435 1.9388 1.94285 1.9469 1.95045 1.954 1.9571 1.9602 1.96275  
    1.9653 1.9673 1.9693 1.97065 1.972 1.9727 1.9734 1.9734 1.9734  
    1.97265 1.9719 1.97035 1.9688 1.9664 1.964 1.96075 1.9575 1.95335  
    1.9492 1.9441 1.939 1.93285 1.9267 1.91955 1.9124 1.90415 1.8959  
    1.88655 1.8772 1.86665 1.8561 1.84435 1.8326 1.81965 1.8067 1.79265  
    1.7786 1.764 1.7494 
  OMEGA = 53584.0 53544.0 53504.0 53387.0 53270.0 53079.5 52889.0  
    52629.5 52370.0 52046.5 51723.0 51339.0 50955.0 50515.0 50075.0  
    49583.5 49092.0 48552.5 48013.0 47430.5 46848.0 46226.0 45604.0  
    44948.0 44292.0 43605.0 42918.0 42204.5 41491.0 40756.0 40021.0  
    39268.0 38515.0 37748.0 36981.0 36205.5 35430.0 34649.0 33868.0  
    33086.0 32304.0 31526.0 30748.0 29977.5 29207.0 28448.5 27690.0  
    26947.5 26205.0 25483.0 24761.0 24064.0 23367.0 22699.0 22031.0  
    21396.0 20761.0 20163.5 19566.0 19008.0 18450.0 17930.0 17410.0  
    16926.5 16443.0 15993.5 15544.0 15127.0 14710.0 14323.5 13937.0  
    13579.0 13221.0 12889.5 12558.0 12251.5 11945.0 11661.5 11378.0  
    11115.5 10853.0 10609.5 10366.0 10139.25 9912.5 9701.25 9490.0  
    9292.05 9094.1 8907.6 8721.1 8544.15 8367.2 8197.8 8028.4 7864.8  
    7701.2 7541.35 7381.5 7223.55 7065.6 
  P_EQ = 18277.9441312 18253.8220016 18229.699872 18160.0510697  
    18090.4022673 17981.1861612 17871.970055 17725.4280664  
    17578.8860777 17397.5257035 17216.1653292 17002.350596  
    16788.5358627 16545.9974455 16303.4590284 16036.2566176  
    15769.0542068 15481.4197612 15193.7853155 14889.867183  
    14585.9490504 14270.0680549 13954.1870594 13630.4719642  
    13306.756869 12980.3317445 12653.90662 12327.9924568 12002.0782935  
    11679.0157897 11355.9532858 11038.3090712 10720.6648565  
    10410.9375094 10101.2101623 9800.999652 9500.7891416 9211.473914  
    8922.1586864 8643.7148482 8365.2710101 8097.90985 7830.54869  
    7574.1731375 7317.797585 7072.2144337 6826.6312824 6591.5201938  
    6356.4091052 6131.8575899 5907.3060746 5693.2239416 5479.1418086  
    5275.6179381 5072.0940676 4878.968111 4685.8421544 4502.9061674  
    4319.9701804 4147.2508152 3974.5314499 3811.9535734 3649.3756968  
    3496.609965 3343.8442333 3200.5579055 3057.2715777 2923.2111587  
    2789.1507397 2663.999399 2538.8480584 2422.119351 2305.3906436  
    2196.7201344 2088.0496252 1986.9897181 1885.929811 1792.1369683  
    1698.3441256 1611.4422444 1524.5403632 1444.2329187 1363.9254743  
    1289.7518437 1215.5782131 1147.2420228 1078.9058325 1015.910373  
    952.9149135 894.7540731 836.5932327 782.8653864 729.1375402  
    679.5168212 629.8961023 584.0529768 538.2098514 495.7175801  
    453.2253088 413.7659432 374.3065775 
  J_TOT = 1.9195 1.91035 1.9012 1.885 1.8688 1.8623 1.8558 1.8554 1.855  
    1.8583 1.8616 1.86495 1.8683 1.8698 1.8713 1.8726 1.8739 1.87615  
    1.8784 1.8824 1.8864 1.8919 1.8974 1.90435 1.9113 1.91925 1.9272  
    1.93505 1.9429 1.94865 1.9544 1.95495 1.9555 1.94685 1.9382 1.9164  
    1.8946 1.857 1.8194 1.7656 1.7118 1.6443 1.5768 1.5011 1.4254  
    1.3482 1.271 1.1982 1.1254 1.06039 0.99538 0.939365 0.88335  
    0.835855 0.78836 0.748065 0.70777 0.673185 0.6386 0.608425 0.57825  
    0.55154 0.52483 0.500935 0.47704 0.45554 0.43404 0.41465 0.39526  
    0.37776 0.36026 0.34446 0.32866 0.31435 0.30004 0.287015 0.27399  
    0.262085 0.25018 0.23926 0.22834 0.218305 0.20827 0.19906 0.18985  
    0.18139 0.17293 0.165185 0.15744 0.15044 0.14344 0.13657 0.1297  
    0.123025 0.11635 0.11177 0.10719 0.104005 0.10082 0.0974095  
    0.093999 
  J_OH = 1.6863 1.63905 1.5918 1.5556 1.5194 1.5017 1.484 1.476 1.468  
    1.4662 1.4644 1.4668 1.4692 1.47475 1.4803 1.4881 1.4959 1.5056  
    1.5153 1.52715 1.539 1.5531 1.5672 1.583 1.5988 1.6154 1.632 1.6489  
    1.6658 1.68105 1.6963 1.707 1.7177 1.72005 1.7224 1.71185 1.7013  
    1.6741 1.6469 1.60165 1.5564 1.49555 1.4347 1.364 1.2933 1.22025  
    1.1472 1.0779 1.0086 0.9471 0.8856 0.833075 0.78055 0.73636 0.69217  
    0.65487 0.61757 0.585605 0.55364 0.5259 0.49816 0.473665 0.44917  
    0.427345 0.40552 0.385985 0.36645 0.34888 0.33131 0.315505 0.2997  
    0.2855 0.2713 0.258525 0.24575 0.234355 0.22296 0.21273 0.2025  
    0.19341 0.18432 0.17621 0.1681 0.16092 0.15374 0.14731 0.14088  
    0.13511 0.12934 0.12418 0.11902 0.113965 0.10891 0.1039415 0.098973  
    0.095488 0.092003 0.0895075 0.087012 0.084123 0.081234 
  J_BS = 0.0 0.0094235 0.018847 0.030313 0.041779 0.0494815 0.057184  
    0.064492 0.0718 0.079076 0.086352 0.09133 0.096308 0.0977795  
    0.099251 0.099328 0.099405 0.0990195 0.098634 0.0978345 0.097035  
    0.0958645 0.094694 0.093207 0.09172 0.0899965 0.088273 0.086403  
    0.084533 0.0825695 0.080606 0.078585 0.076564 0.074529 0.072494  
    0.0705075 0.068521 0.06667 0.064819 0.063164 0.061509 0.0600575  
    0.058606 0.057347 0.056088 0.0549945 0.053901 0.0529395 0.051978  
    0.051114 0.05025 0.049449 0.048648 0.047884 0.04712 0.046373  
    0.045626 0.044883 0.04414 0.0433935 0.042647 0.0418915 0.041136  
    0.040369 0.039602 0.0388255 0.038049 0.03727 0.036491 0.0357155  
    0.03494 0.0341645 0.033389 0.032611 0.031833 0.0310505 0.030268  
    0.0294785 0.028689 0.027891 0.027093 0.0262835 0.025474 0.0246615  
    0.023849 0.0230375 0.022226 0.021429 0.020632 0.0198795 0.019127  
    0.018265 0.017403 0.016473 0.015543 0.0150215 0.0145 0.01415 0.0138  
    0.013283 0.012766 

  DENSITY_BEAM = 0.4239 0.422865 0.42183 0.418735 0.41564 0.409795  
    0.40395 0.396025 0.3881 0.37879 0.36948 0.35945 0.34942 0.339055  
    0.32869 0.31832 0.30795 0.297755 0.28756 0.277795 0.26803 0.25898  
    0.24993 0.241755 0.23358 0.22633 0.21908 0.21268 0.20628 0.200525  
    0.19477 0.189365 0.18396 0.17862 0.17328 0.167815 0.16235 0.15673  
    0.15111 0.145385 0.13966 0.133885 0.12811 0.12234 0.11657 0.111045  
    0.10552 0.1004815 0.095443 0.0909155 0.086388 0.0823585 0.078329  
    0.07475 0.071171 0.067982 0.064793 0.0619345 0.059076 0.0565445  
    0.054013 0.0516555 0.049298 0.0471005 0.044903 0.0428655 0.040828  
    0.0388475 0.036867 0.034942 0.033017 0.031154 0.029291 0.0275055  
    0.02572 0.024008 0.022296 0.0206705 0.019045 0.0175115 0.015978  
    0.014541 0.013104 0.0117775 0.010451 0.0092359 0.0080208 0.006938  
    0.0058553 0.004917 0.0039788 0.0032098 0.0024408 0.0018498  
    0.0012588 0.0008518 0.0004448 0.0002267 8.6e-06 4.3e-06 0.0 
  WBEAM = 0.0 0.0 0.0 0.0 0.0 0.0 0.0 0.0 0.0 0.0 0.0 0.0 0.0 0.0 0.0  
    0.0 0.0 0.0 0.0 0.0 0.0 0.0 0.0 0.0 0.0 0.0 0.0 0.0 0.0 0.0 0.0 0.0  
    0.0 0.0 0.0 0.0 0.0 0.0 0.0 0.0 0.0 0.0 0.0 0.0 0.0 0.0 0.0 0.0 0.0  
    0.0 0.0 0.0 0.0 0.0 0.0 0.0 0.0 0.0 0.0 0.0 0.0 0.0 0.0 0.0 0.0 0.0  
    0.0 0.0 0.0 0.0 0.0 0.0 0.0 0.0 0.0 0.0 0.0 0.0 0.0 0.0 0.0 0.0 0.0  
    0.0 0.0 0.0 0.0 0.0 0.0 0.0 0.0 0.0 0.0 0.0 0.0 0.0 0.0 0.0 0.0 0.0  
    0.0 
  J_NB = 0.22882 0.257725 0.28663 0.29557 0.30451 0.30825 0.31199  
    0.312345 0.3127 0.310535 0.30837 0.304325 0.30028 0.294735 0.28919  
    0.28245 0.27571 0.268575 0.26144 0.25417 0.2469 0.23938 0.23186  
    0.22432 0.21678 0.20982 0.20286 0.19584 0.18882 0.18167 0.17452  
    0.1672 0.15988 0.15205 0.14422 0.136265 0.12831 0.12092 0.11353  
    0.1072 0.10087 0.095526 0.090182 0.085586 0.08099 0.0767855  
    0.072581 0.06898 0.065379 0.062003 0.058627 0.055611 0.052595  
    0.050015 0.047435 0.045308 0.043181 0.0414735 0.039766 0.0382385  
    0.036711 0.0353775 0.034044 0.0328335 0.031623 0.0304995 0.029376  
    0.0283725 0.027369 0.026471 0.025573 0.024756 0.023939 0.023189  
    0.022439 0.0216005 0.020762 0.0198755 0.018989 0.0179625 0.016936  
    0.0158195 0.014703 0.013485 0.012267 0.0110493 0.0098316 0.0086504  
    0.0074692 0.006384 0.0052988 0.0043444 0.0033901 0.0026109  
    0.0018318 0.0012612 0.0006906 0.0003516 1.27e-05 6.4e-06 0.0 
  SE_NB = 2.2493 2.2449 2.2405 2.2247 2.2089 2.18005 2.1512 2.1142  
    2.0772 2.0316 1.986 1.9382 1.8904 1.8394 1.7884 1.7376 1.6868  
    1.63625 1.5857 1.53675 1.4878 1.44215 1.3965 1.35535 1.3142 1.2781  
    1.242 1.2106 1.1792 1.1514 1.1236 1.0978 1.072 1.0464 1.0208  
    0.99429 0.96778 0.93996 0.91214 0.883215 0.85429 0.82446 0.79463  
    0.764165 0.7337 0.704105 0.67451 0.647285 0.62006 0.595505 0.57095  
    0.5491 0.52725 0.50791 0.48857 0.47144 0.45431 0.439075 0.42384  
    0.410555 0.39727 0.384895 0.37252 0.36099 0.34946 0.33881 0.32816  
    0.317545 0.30693 0.29633 0.28573 0.275145 0.26456 0.25441 0.24426  
    0.234185 0.22411 0.214215 0.20432 0.193995 0.18367 0.173105 0.16254  
    0.15205 0.14156 0.131095 0.12063 0.110395 0.10016 0.089977 0.079794  
    0.0697255 0.059657 0.0497105 0.039764 0.029796 0.019828 0.010207  
    0.0005859 0.000293 0.0 
  PE_NB = 0.11041 0.110485 0.11056 0.11025 0.10994 0.109 0.10806  
    0.106635 0.10521 0.10347 0.10173 0.099814 0.097898 0.095903  
    0.093908 0.0919225 0.089937 0.0879975 0.086058 0.0842315 0.082405  
    0.080765 0.079125 0.0777105 0.076296 0.075121 0.073946 0.072992  
    0.072038 0.0712415 0.070445 0.0697075 0.06897 0.0681805 0.067391  
    0.0664575 0.065524 0.064409 0.063294 0.0620095 0.060725 0.0592865  
    0.057848 0.0562775 0.054707 0.0531085 0.05151 0.0500065 0.048503  
    0.047125 0.045747 0.044508 0.043269 0.042163 0.041057 0.040069  
    0.039081 0.038195 0.037309 0.036541 0.035773 0.0350345 0.034296  
    0.033585 0.032874 0.032197 0.03152 0.030802 0.030084 0.029314  
    0.028544 0.0277245 0.026905 0.026045 0.025185 0.0242715 0.023358  
    0.022397 0.021436 0.0204275 0.019419 0.0183585 0.017298 0.016199  
    0.0151 0.0139535 0.012807 0.0116415 0.010476 0.0092992 0.0081224  
    0.0069748 0.0058271 0.0047365 0.0036459 0.0026459 0.001646  
    0.0008426 3.92e-05 1.96e-05 0.0 
  PI_NB = 0.29824 0.297615 0.29699 0.29442 0.29185 0.28759 0.28333  
    0.277755 0.27218 0.265665 0.25915 0.252095 0.24504 0.23773 0.23042  
    0.222985 0.21555 0.20815 0.20075 0.19357 0.18639 0.179605 0.17282  
    0.1666 0.16038 0.15479 0.1492 0.144195 0.13919 0.13465 0.13011  
    0.12584 0.12157 0.117395 0.11322 0.109025 0.10483 0.100617 0.096404  
    0.0921975 0.087991 0.0838265 0.079662 0.075573 0.071484 0.067626  
    0.063768 0.0602695 0.056771 0.053646 0.050521 0.047756 0.044991  
    0.0425525 0.040114 0.03796 0.035806 0.0338945 0.031983 0.030304  
    0.028625 0.027092 0.025559 0.0241605 0.022762 0.021494 0.020226  
    0.0190315 0.017837 0.016717 0.015597 0.014548 0.013499 0.012525  
    0.011551 0.0106486 0.0097462 0.0089184 0.0080907 0.0073368 0.006583  
    0.0059024 0.0052218 0.0046171 0.0040125 0.0034818 0.0029512  
    0.0024999 0.0020486 0.0016793 0.00131 0.0010278 0.0007455 0.000547  
    0.0003485 0.0002281 0.0001078 5.48e-05 1.9e-06 1e-06 0.0 
  TORQUE_NB = 0.0 0.0 0.0 0.0 0.0 0.0 0.0 0.0 0.0 0.0 0.0 0.0 0.0 0.0  
    0.0 0.0 0.0 0.0 0.0 0.0 0.0 0.0 0.0 0.0 0.0 0.0 0.0 0.0 0.0 0.0 0.0  
    0.0 0.0 0.0 0.0 0.0 0.0 0.0 0.0 0.0 0.0 0.0 0.0 0.0 0.0 0.0 0.0 0.0  
    0.0 0.0 0.0 0.0 0.0 0.0 0.0 0.0 0.0 0.0 0.0 0.0 0.0 0.0 0.0 0.0 0.0  
    0.0 0.0 0.0 0.0 0.0 0.0 0.0 0.0 0.0 0.0 0.0 0.0 0.0 0.0 0.0 0.0 0.0  
    0.0 0.0 0.0 0.0 0.0 0.0 0.0 0.0 0.0 0.0 0.0 0.0 0.0 0.0 0.0 0.0 0.0  
    0.0 0.0 
  P_RAD = 0.0 -5.18e-05 -0.0001037 -0.0002554 -0.0004071 -0.0006531  
    -0.0008991 -0.0012337 -0.0015683 -0.0019858 -0.0024033 -0.0028974  
    -0.0033915 -0.0039534 -0.0045154 -0.0051357 -0.005756 -0.0064252  
    -0.0070944 -0.007803 -0.0085116 -0.0092513 -0.0099911 -0.0107586  
    -0.011526 -0.0123195 -0.013113 -0.0139295 -0.014746 -0.015584  
    -0.016422 -0.0172785 -0.018135 -0.019002 -0.019869 -0.0207385  
    -0.021608 -0.0224715 -0.023335 -0.0241845 -0.025034 -0.0258615  
    -0.026689 -0.0274915 -0.028294 -0.029068 -0.029842 -0.0305845  
    -0.031327 -0.0320355 -0.032744 -0.033415 -0.034086 -0.0347105  
    -0.035335 -0.035905 -0.036475 -0.0369805 -0.037486 -0.037919  
    -0.038352 -0.038704 -0.039056 -0.0393215 -0.039587 -0.0397615  
    -0.039936 -0.0400155 -0.040095 -0.0400745 -0.040054 -0.039931  
    -0.039808 -0.039583 -0.039358 -0.039035 -0.038712 -0.038293  
    -0.037874 -0.037362 -0.03685 -0.036245 -0.03564 -0.0349285  
    -0.034217 -0.0333825 -0.032548 -0.0315735 -0.030599 -0.029469  
    -0.028339 -0.027044 -0.025749 -0.024316 -0.022883 -0.0213465  
    -0.01981 -0.0182045 -0.016599 -0.0149585 -0.013318 
  P_OHM = 0.028137 0.028247 0.028357 0.0285975 0.028838 0.029361  
    0.029884 0.0306355 0.031387 0.03235 0.033313 0.03445 0.035587  
    0.0368805 0.038174 0.039669 0.041164 0.0429015 0.044639 0.0466785  
    0.048718 0.0511235 0.053529 0.0563485 0.059168 0.0624185 0.065669  
    0.0693995 0.07313 0.0772535 0.081377 0.0856535 0.08993 0.0939335  
    0.097937 0.1009935 0.10405 0.105415 0.10678 0.10595 0.10512  
    0.1021375 0.099155 0.094648 0.090141 0.085049 0.079957 0.0750515  
    0.070146 0.0602155 0.050285 0.0468525 0.04342 0.040697 0.037974  
    0.035801 0.033628 0.0318485 0.030069 0.028579 0.027089 0.025798  
    0.024507 0.023369 0.022231 0.021216 0.020201 0.0192865 0.018372  
    0.017546 0.01672 0.015974 0.015228 0.01455 0.013872 0.013265  
    0.012658 0.012108 0.011558 0.0110665 0.010575 0.0101314 0.0096879  
    0.0092932 0.0088986 0.0085408 0.0081829 0.0078588 0.0075348  
    0.0072432 0.0069515 0.0066586 0.0063656 0.0060722 0.0057788  
    0.0055807 0.0053826 0.0052428 0.0051029 0.004922 0.0047411 
  SE_IONIZATION = 2.8095 2.80575 2.802 2.7921 2.7822 2.76355 2.7449  
    2.72135 2.6978 2.668 2.6382 2.6073 2.5764 2.54295 2.5095 2.47655  
    2.4436 2.41085 2.3781 2.3466 2.3151 2.2862 2.2573 2.2319 2.2065  
    2.18525 2.164 2.14695 2.1299 2.11625 2.1026 2.0914 2.0802 2.0703  
    2.0604 2.05115 2.0419 2.0331 2.0243 2.01645 2.0086 2.0021 1.9956  
    1.9912 1.9868 1.986 1.9852 1.98945 1.9937 2.0038 2.0139 2.03025  
    2.0466 2.0698 2.093 2.12335 2.1537 2.1918 2.2299 2.2765 2.3231  
    2.3786 2.4341 2.4998 2.5655 2.64325 2.721 2.8125 2.904 3.0123  
    3.1206 3.25025 3.3799 3.5375 3.6951 3.8885 4.0819 4.32375 4.5656  
    4.8735 5.1814 5.58155 5.9817 6.51615 7.0506 7.78565 8.5207 9.55785  
    10.595 12.081 13.567 15.7395 17.912 21.336 24.76 30.6315 36.503  
    46.0815 55.66 86.455 117.25 
  PE_IONIZATION = 0.0 0.0 0.0 0.0 0.0 0.0 0.0 0.0 0.0 0.0 0.0 0.0 0.0  
    0.0 0.0 0.0 0.0 0.0 0.0 0.0 0.0 0.0 0.0 0.0 0.0 0.0 0.0 0.0 0.0 0.0  
    0.0 0.0 0.0 0.0 0.0 0.0 0.0 0.0 0.0 0.0 0.0 0.0 0.0 0.0 0.0 0.0 0.0  
    0.0 0.0 0.0 0.0 0.0 0.0 0.0 0.0 0.0 0.0 0.0 0.0 0.0 0.0 0.0 0.0 0.0  
    0.0 0.0 0.0 0.0 0.0 0.0 0.0 0.0 0.0 0.0 0.0 0.0 0.0 0.0 0.0 0.0 0.0  
    0.0 0.0 0.0 0.0 0.0 0.0 0.0 0.0 0.0 0.0 0.0 0.0 0.0 0.0 0.0 0.0 0.0  
    0.0 0.0 0.0 
  PI_IONIZATION = 0.0 0.0 0.0 0.0 0.0 0.0 0.0 0.0 0.0 0.0 0.0 0.0 0.0  
    0.0 0.0 0.0 0.0 0.0 0.0 0.0 0.0 0.0 0.0 0.0 0.0 0.0 0.0 0.0 0.0 0.0  
    0.0 0.0 0.0 0.0 0.0 0.0 0.0 0.0 0.0 0.0 0.0 0.0 0.0 0.0 0.0 0.0 0.0  
    0.0 0.0 0.0 0.0 0.0 0.0 0.0 0.0 0.0 0.0 0.0 0.0 0.0 0.0 0.0 0.0 0.0  
    0.0 0.0 0.0 0.0 0.0 0.0 0.0 0.0 0.0 0.0 0.0 0.0 0.0 0.0 0.0 0.0 0.0  
    0.0 0.0 0.0 0.0 0.0 0.0 0.0 0.0 0.0 0.0 0.0 0.0 0.0 0.0 0.0 0.0 0.0  
    0.0 0.0 0.0 
  PI_CX = -0.024645 -0.024437 -0.024229 -0.023855 -0.023481 -0.022952  
    -0.022423 -0.021781 -0.021139 -0.020436 -0.019733 -0.018978  
    -0.018223 -0.017457 -0.016691 -0.0159175 -0.015144 -0.014386  
    -0.013628 -0.0129035 -0.012179 -0.0115065 -0.010834 -0.0102296  
    -0.0096253 -0.0090998 -0.0085743 -0.0081245 -0.0076747 -0.0072882  
    -0.0069017 -0.006565 -0.0062283 -0.0059293 -0.0056302 -0.0053609  
    -0.0050916 -0.004848 -0.0046043 -0.0043838 -0.0041634 -0.0039645  
    -0.0037656 -0.0035872 -0.0034088 -0.0032532 -0.0030977 -0.0029664  
    -0.0028351 -0.0027268 -0.0026185 -0.002531 -0.0024434 -0.002374  
    -0.0023047 -0.002251 -0.0021973 -0.0021573 -0.0021173 -0.00209  
    -0.0020626 -0.0020456 -0.0020285 -0.0020219 -0.0020154 -0.0020207  
    -0.002026 -0.0020436 -0.0020613 -0.002094 -0.0021266 -0.0021804  
    -0.0022341 -0.002316 -0.0023979 -0.0025176 -0.0026373 -0.0028096  
    -0.002982 -0.0032286 -0.0034753 -0.0038235 -0.0041717 -0.0046683  
    -0.0051649 -0.0058818 -0.0065987 -0.0076346 -0.0086705 -0.0101442  
    -0.011618 -0.013717 -0.015816 -0.019101 -0.022386 -0.0279745  
    -0.033563 -0.042022 -0.050481 -0.0792905 -0.1081 
  NBDRY = 85 
  RBDRY = 1.1367 1.1425 1.1548 1.168 1.1973 1.2387 1.3484 1.3829 1.4291  
    1.4313 1.4335 1.4424 1.4447 1.447 1.4538 1.4561 1.475 1.4798 1.4915  
    1.4988 1.506 1.5202 1.5271 1.5374 1.5474 1.5507 1.5752 1.6778  
    1.7361 1.7939 1.8225 1.8368 1.851 1.8651 1.9211 1.9486 2.041 2.1015  
    2.1759 2.1856 2.2699 2.2904 2.3122 2.3163 2.3277 2.2827 2.271  
    2.2588 2.2395 2.2258 2.2185 2.2111 2.1954 2.1178 2.1063 2.0823  
    2.0698 2.0569 1.9734 1.9585 1.8289 1.7569 1.7381 1.6999 1.6411  
    1.5814 1.5417 1.4097 1.3923 1.2981 1.1696 1.1553 1.1368 1.1082  
    1.1005 1.0878 1.0781 1.0745 1.0729 1.0664 1.071 1.0722 1.0766  
    1.0921 1.0984 1.1367 1.1139 
  ZBDRY = -0.55765 -0.57671 -0.61461 -0.6522 -0.7263 -0.81693 -1.0063  
    -1.055 -1.1138 -1.1164 -1.1191 -1.1296 -1.1323 -1.1349 -1.1428  
    -1.1455 -1.1664 -1.1716 -1.1729 -1.166 -1.1592 -1.146 -1.1395  
    -1.1299 -1.1205 -1.1174 -1.0947 -0.99938 -0.9445 -0.88905 -0.86106  
    -0.84699 -0.83287 -0.81869 -0.76132 -0.73216 -0.62654 -0.54658  
    -0.42761 -0.41005 -0.22854 -0.17214 -0.09517 -0.07561 0.063583  
    0.29856 0.33679 0.37486 0.43159 0.46905 0.48765 0.50615 0.54277  
    0.68149 0.69775 0.72947 0.74492 0.76009 0.84532 0.85849 0.95012  
    0.98335 0.9899 1.0006 1.0102 1.0113 1.0071 0.9623 0.95237 0.87753  
    0.67485 0.63726 0.57991 0.46306 0.42371 0.34462 0.26511 0.22525  
    0.2053 -0.014555 -0.13439 -0.15434 -0.21413 -0.353 -0.39239  
    -0.55765 -0.47059 
  NLIM = 5 
  RLIM = 2.4277 0.9664 0.9664 2.4277 2.4277 
  ZLIM = 1.1113000000000002 1.1113000000000002 -1.2729000000000001  
    -1.2729000000000001 1.1113000000000002 

  SCALE_NE = 1.0 
  SCALE_NI = 1.0 
  SCALE_TE = 1.0 
  SCALE_TI = 1.0 
  SCALE_SE_IONIZATION = 1.0 
  SCALE_SE_NB = 1.0 
/
