&INSTATE
  TOKAMAK_ID = 'D3D' 
  DENSITY_MODEL = 0 
  MODEL_SHAPE = 0 
  IP = 1.28442447783 
  B0 = 2.01638823 
  R0 = 1.6955 
  RMAJOR = 1.69874266512 
  AMINOR = 0.583828210361 
  KAPPA = 1.65250537338 
  DELTA = 0.504587306743 
  N_ION = 1 
  Z_ION = 1 
  A_ION = 2 
  F_ION = 1.0 
  N_IMP = 1 
  Z_IMP = 6 
  A_IMP = 12 
  F_IMP = 1.0 
  N_MIN = 0 
  Z_MIN = 1 
  A_MIN = 1 
  N_BEAM = 1 
  Z_BEAM = 1 
  A_BEAM = 2 
  N_FUSION = 1 
  Z_FUSION = 2 
  A_FUSION = 4 
  ZEFF_PED = 1.5 
  NE_PED = 8.0 
  NE_SEP = 5.0 ! 2.0 
  XWID = 0.048691356604067836 
  TE_SEP = 0.075 
  TI_SEP = 0.075 
  NRHO = 101 
  RHO = 0.0 0.01 0.02 0.03 0.04 0.05 0.06 0.07 0.08 0.09 0.1 0.11 0.12  
    0.13 0.14 0.15 0.16 0.17 0.18 0.19 0.2 0.21 0.22 0.23 0.24 0.25  
    0.26 0.27 0.28 0.29 0.3 0.31 0.32 0.33 0.34 0.35000000000000003  
    0.36 0.37 0.38 0.39 0.4 0.41000000000000003 0.42 0.43 0.44 0.45  
    0.46 0.47000000000000003 0.48 0.49 0.5 0.51 0.52 0.53 0.54 0.55  
    0.56 0.5700000000000001 0.58 0.59 0.6 0.61 0.62 0.63 0.64 0.65 0.66  
    0.67 0.68 0.6900000000000001 0.7000000000000001 0.71 0.72 0.73 0.74  
    0.75 0.76 0.77 0.78 0.79 0.8 0.81 0.8200000000000001  
    0.8300000000000001 0.84 0.85 0.86 0.87 0.88 0.89 0.9 0.91 0.92 0.93  
    0.9400000000000001 0.9500000000000001 0.96 0.97 0.98 0.99 1.0 
  NE = 14.1740457 14.1740457 14.158662620000001 14.133512549999999  
    14.099585730000001 14.057395499999998 14.00765972  
    13.951021490000002 13.88814739 13.81969942 13.746323699999998  
    13.66855983 13.58686995 13.501723109999997 13.41356387  
    13.322788069999998 13.229775010000001 13.134905519999997  
    13.038560880000006 12.941116729999994 12.8429037 12.74421632  
    12.64534936 12.546597719999998 12.448246740000002  
    12.350550289999994 12.253728480000007 12.157995079999992  
    12.063565230000005 11.970630669999995 11.87935349 11.78988301  
    11.702356609999999 11.61689659 11.533607059999998  
    11.452556360000003 11.373781739999998 11.29730524 11.22312647  
    11.15123372 11.08161307 11.014249920000001 10.949129179999996  
    10.886223500000003 10.825484609999997 10.766856790000002  
    10.710286729999996 10.655719490000003 10.603101409999997  
    10.552377170000003 10.503486609999996 10.456360240000002  
    10.410923449999999 10.367104300000001 10.324830059999996  
    10.284028340000006 10.244626759999992 10.206551970000003  
    10.169732429999996 10.134094800000003 10.099566629999995  
    10.066074720000007 10.033547539999994 10.001911670000005  
    9.971088825999995 9.940989329000008 9.911511320999995  
    9.882546709000007 9.853986658999993 9.825715568000007  
    9.797609824999995 9.769532129000005 9.741334575999993  
    9.712862726000004 9.683945466999994 9.654403681000005  
    9.624059938999995 9.592738278000006 9.560257556999993  
    9.526442485000008 9.49111189999999 9.45409187600001  
    9.415201795999987 9.374263534000011 9.331101212999986  
    9.285535149000015 9.237387870999981 9.18648196900002  
    9.13263857399998 9.07568129300002 9.01542787799998 8.95171142900002  
    8.884245962999977 8.78861652600002 8.551196042999976  
    8.085815038000007 7.233237325999982 5.898761321000018  
    4.304247373999983 2.914812210000017 1.9999999999999831 
  TE = 2.296643709036545 2.296643709036545 2.296019797819246  
    2.295004335839757 2.2936300941774195 2.291919521771161  
    2.28987680060342 2.28741384022482 2.284419989763022  
    2.280785129973553 2.276400443671785 2.271136063358172  
    2.26490885579603 2.2576804547352958 2.249412527611358  
    2.2400667022385963 2.229530137005255 2.2176118481914817  
    2.2041564101662954 2.1890082983800787 2.172012315022299  
    2.1530210579344806 2.132055632225534 2.109214301184689  
    2.084595298320901 2.058297019748488 2.03041751283938  
    2.0012228872466173 1.9710644948705016 1.9402937537280285  
    1.9092620695120375 1.8785297452500882 1.8484301174790327  
    1.8189740357980697 1.790172341448597 1.762035869891351  
    1.7344506801145547 1.707255363920043 1.6803895772513209  
    1.6537931136462554 1.6274055846305773 1.6011585066809824  
    1.5750262786688256 1.5490129730702917 1.5231226347464188  
    1.4973587847434278 1.471748139072909 1.4463420619166567  
    1.421179894329951 1.3963003293615404 1.3717416028033638  
    1.3475554677610528 1.3237760642283178 1.3004146084009398  
    1.2774823142621963 1.2549903855583504 1.232951759164203  
    1.2113490615458535 1.1901480535130324 1.1693143966985442  
    1.1488134110331076 1.1285870178919892 1.1085861004249051  
    1.0887884350084591 1.0691718464392523 1.0497126544599515  
    1.030397559951826 1.0112273006221448 0.9921980639077335  
    0.9733059032003797 0.9545461453039319 0.9359193764178297  
    0.9174275218308985 0.8990665243569747 0.8808310681979981  
    0.8627137988361218 0.8446999422803201 0.8267757921345027  
    0.8089343973039613 0.7911678397590121 0.7734669373067857  
    0.7558408748869574 0.7382760455485167 0.7207273137731387  
    0.7031491752716867 0.6854949655188802 0.6667993618376871  
    0.6465191625728384 0.6252402610732972 0.603549651325261  
    0.5820369707974131 0.55818111560084 0.5333129068947386  
    0.5107620719100279 0.49101198119007683 0.4587603103116493  
    0.4048951924941935 0.32077188769846865 0.22025619300590882  
    0.13266834779988845 0.07500000000000184 
  TI = 2.2341978374356573 2.2341978374356573 2.2338638162259437  
    2.233312183214046 2.232556974809246 2.231604232342391  
    2.2304583955926547 2.2291027727391923 2.227516142734093  
    2.225677121131205 2.223564210337402 2.2211699186937808  
    2.2184266061098437 2.2152222690803316 2.211445212805064  
    2.206983901956279 2.2014130387711934 2.1943083705382285  
    2.185558818487485 2.17505363940152 2.1626817223291073  
    2.148021958739856 2.1308948491105695 2.111551056955618  
    2.090239778006534 2.0672117850969802 2.042524608909201  
    2.016234531496918 1.9885902139655944 1.9598396658139534  
    1.930231616489401 1.9000980071895652 1.8697318769389648  
    1.8393244257519998 1.8090659684037962 1.7791473471599923  
    1.749680500889847 1.7206486225416815 1.692053690294001  
    1.663898030769527 1.6361827424178057 1.6088809269726791  
    1.5819496376238749 1.5553694976829133 1.529118086361271  
    1.5031753154970393 1.4775125645432263 1.4521174138608823  
    1.426995398227462 1.4021512124292466 1.377589640985554  
    1.3533235695533516 1.3293776102111239 1.305775839408657  
    1.2825418816682213 1.259698934512263 1.2372917850876468  
    1.2153308395733555 1.193792338674891 1.1726507970035054  
    1.1518822642070106 1.1314419656401364 1.1112861105352172  
    1.0913913630047567 1.0717343502023056 1.052292403123078  
    1.0330464994446333 1.013989067574419 0.9951132306642783  
    0.976412301074914 0.9578800166035188 0.9395112413236784  
    0.9213096902340903 0.9032814797776638 0.8854311532364403  
    0.8677637512398266 0.8502928604013613 0.8330262332692429  
    0.8159591116844545 0.7990856993302289 0.782401304286447  
    0.7658892432193145 0.7495332562900121 0.7333269207891064  
    0.7172650412612371 0.7013420752689814 0.6845871332226319  
    0.6664501697975989 0.6475584551616409 0.6285382866887543  
    0.6100162140931942 0.5916091914078208 0.573559630102846  
    0.5564788057032659 0.5356499475982748 0.5005385757898546  
    0.44083252510433457 0.3475451971916602 0.2360797644014514  
    0.13895048420054323 0.07500000000000007 
  OMEGA = 41038.609153968 41038.609153968 41030.5166016511  
    41017.16711829583 40998.67523204383 40975.15118603645  
    40946.56498752109 40912.29517516732 40871.57219925093  
    40823.6339425472 40767.707757831835 40703.070035993216  
    40629.26006471353 40545.8845994582 40452.5615181931  
    40348.90641388365 40234.037566059524 40106.27066060459  
    39964.02223876668 39805.69770929307 39629.73216843159  
    39434.618361432724 39220.00510419747 38985.95136769824  
    38732.5384654079 38459.83912829887 38166.40063815298  
    37851.912315357105 37518.184780042495 37167.01252733982  
    36800.20482238038 36423.69845441025 36044.73748163241  
    35666.99728761192 35294.18064341437 34929.997962604895  
    34577.37974026705 34235.41418521462 33902.069797859316  
    33575.32773611221 33253.13341038503 32932.58381051338  
    32611.334672312347 32288.127111411166 31961.764605939818  
    31631.008434027535 31294.983742750454 30953.90273542161  
    30608.11144327742 30258.049445053563 29904.07253948653  
    29547.30840027333 29188.918625061546 28829.380991011218  
    28469.20695528338 28108.893187538037 27748.766530906658  
    27388.819370601188 27029.054614404988 26669.474175100317  
    26310.10911797056 25950.86449525714 25591.564944092002  
    25232.00792959157 24872.016566873383 24511.38798105382  
    24149.85938432868 23787.14990645522 23422.955766394996  
    23057.026068108375 22689.096898056916 22318.935834715456  
    21946.435213686505 21571.523617120183 21194.096054667752  
    20814.10034097937 20431.4946320061 20046.20063368883  
    19658.08284316522 19266.995565071775 18872.79949404618  
    18475.143723867615 18073.893673605315 17669.15209707903  
    17261.038945609733 16849.664920517185 16373.284779729947  
    15798.319686290852 15167.164619194024 14522.191607432396  
    13905.793440000067 13256.561099999934 12609.166270000067  
    11963.718069999934 11320.45546000006 10679.573279999928  
    10041.252510000068 9405.684378999933 8773.085343000068  
    8143.647757999934 7517.403257000067 
  ZEFF = 1.557356993 1.557356993 1.5575663840000002 1.5578902979999998  
    1.5583086960000005 1.5588016449999995 1.5593491650000004  
    1.5599309739999994 1.5605266390000008 1.5611149919999994  
    1.5616769340000007 1.5621989849999993 1.562667888000001  
    1.5630703479999992 1.5633947860000008 1.5636307669999994  
    1.5637674970000006 1.5637934689999993 1.5636970890000006  
    1.563468488999999 1.5630995050000012 1.5625816969999988  
    1.5619065780000012 1.5610657989999988 1.5600531950000014  
    1.5588638219999988 1.5574929610000008 1.5559361509999992  
    1.5541909780000012 1.5522566469999992 1.5501327640000007  
    1.5478205679999992 1.5453223930000006 1.5426427169999992  
    1.5397888670000008 1.536769513999999 1.5335949340000008  
    1.5302772019999988 1.526828694000001 1.5232624299999986  
    1.5195920510000014 1.5158324959999985 1.5120000900000012  
    1.5081123169999988 1.5041864510000011 1.500240569999999  
    1.4962927670000008 1.4923617769999993 1.4884669240000008  
    1.484628317999999 1.4808663780000009 1.477201251999999  
    1.4736536100000008 1.470244281999999 1.466993881000001  
    1.463923493999999 1.461053928000001 1.4584061659999987  
    1.4560014550000013 1.4538607789999989 1.452005429000001  
    1.4504570859999988 1.4492381300000008 1.4483714269999992  
    1.4478806570000011 1.447789461999999 1.4481219330000008  
    1.4489035259999992 1.450160238000001 1.4519193379999993  
    1.454209290000001 1.4570596019999988 1.4605011630000013  
    1.4645654629999987 1.4692856360000013 1.474691362999999  
    1.4807908980000013 1.4875734749999987 1.4950073570000013  
    1.5030359449999988 1.511586873000001 1.5205696529999986  
    1.5298377640000016 1.539151014999999 1.5482417130000012  
    1.556835615999999 1.5646503970000012 1.5713956689999988  
    1.5768027950000012 1.5806888679999989 1.5829742070000008  
    1.5836984399999992 1.5831178620000008 1.5814308379999993  
    1.5783214510000008 1.5735961019999989 1.5671487920000011  
    1.5571943499999987 1.5369210160000013 1.4855052689999986  
    1.3065456440000012 
  P_RAD = 0.0 0.0 0.0 0.0 0.0 0.0 0.0 0.0 0.0 0.0 0.0 0.0 0.0 0.0 0.0  
    0.0 0.0 0.0 0.0 0.0 0.0 0.0 0.0 0.0 0.0 0.0 0.0 0.0 0.0 0.0 0.0 0.0  
    0.0 0.0 0.0 0.0 0.0 0.0 0.0 0.0 0.0 0.0 0.0 0.0 0.0 0.0 0.0 0.0 0.0  
    0.0 0.0 0.0 0.0 0.0 0.0 0.0 0.0 0.0 0.0 0.0 0.0 0.0 0.0 0.0 0.0 0.0  
    0.0 0.0 0.0 0.0 0.0 0.0 0.0 0.0 0.0 0.0 0.0 0.0 0.0 0.0 0.0 0.0 0.0  
    0.0 0.0 0.0 0.0 0.0 0.0 0.0 0.0 0.0 0.0 0.0 0.0 0.0 0.0 0.0 0.0 0.0  
    0.0 
  J_TOT = 1.73236160489066 1.7340135614925263 1.7415168263696081  
    1.7573252400942458 1.7798620963436496 1.80670220847631  
    1.8361550018747075 1.8670029842408713 1.8985412299052784  
    1.9304421072460507 1.9625433978149855 1.994620904397051  
    2.0262507200150535 2.0568085576897372 2.085557883110961  
    2.111745246511248 2.134658232941407 2.153650297041093  
    2.168153273082358 2.1776886527883077 2.181877689247217  
    2.1804478972229986 2.1732351115222994 2.160181335937388  
    2.1413288653375684 2.1168114004481375 2.086843143396676  
    2.0517069715683016 2.011742778353798 1.9673370365932679  
    1.9189145745101917 1.8669334257914219 1.8118834847238394  
    1.754289668011283 1.694720364816235 1.633801964066463  
    1.5722395020368383 1.5108399867615796 1.450525916105712  
    1.3923135706323058 1.337227201867544 1.2861452619244955  
    1.2396261463391167 1.197798141632464 1.160376020831617  
    1.1267926721052712 1.096371141404327 1.0684605449151314  
    1.042504952358122 1.0180583336046463 0.9947729649370636  
    0.9723809635073903 0.9506771962389884 0.9295053850546858  
    0.9087471775322482 0.8883136361282314 0.868138656212383  
    0.8481739100068051 0.8283849931257284 0.8087485207719101  
    0.7892499774548138 0.7698821682031857 0.7506441577626367  
    0.7315406213010583 0.7125815592103921 0.6937823426517251  
    0.6751640621181398 0.6567541636856256 0.6385873820378956  
    0.6207070034467309 0.603166500852063 0.5860315782457245  
    0.5693826579607886 0.5533178414543829 0.5379562579088883  
    0.5234410188597256 0.5099388314122291 0.49762959448552246  
    0.486677304918782 0.47717970424718825 0.4691099092056017  
    0.4622774044844214 0.4563313483148652 0.4508047912441281  
    0.4451748423630048 0.4389121168307259 0.43151136194435913  
    0.4225138925181856 0.41153457522575937 0.39829179092915007  
    0.3826231752263394 0.36446985592814396 0.3438288105326991  
    0.3206877349916876 0.29496114493917114 0.266499272907189  
    0.23535200790055677 0.20250841268806924 0.17114566134241677  
    0.14487199651289973 0.1333296376896729 
  P_EQ = 94741.8209304 94704.3747472 94592.2543167 94406.1125088  
    94147.0396881 93816.5635021 93416.6473994 92949.6843444  
    92418.4858079 91826.2389437 91176.456804 90472.9281068  
    89719.7397067 88921.1641762 88081.525108 87205.1713449 86296.107328  
    85358.1155986 84394.6477903 83408.6528447 82402.5129982  
    81378.0034876 80336.2703886 79277.8298902 78202.6281403  
    77110.1232523 75999.3642667 74869.1105434 73717.9616601  
    72544.455579 71347.1911644 70124.9364561 68876.7079389  
    67601.8507999 66300.1145344 64971.6999962 63617.321362  
    62238.2643218 60836.4517005 59414.529845 57975.9693101  
    56525.2109392 55067.8826681 53610.8056781 52160.4767998  
    50722.1454811 49299.992449 47897.3631939 46516.9357886  
    45160.8642228 43830.8874799 42528.4141318 41254.5910169  
    40010.3550075 38796.4701349 37613.5570994 36462.1158214  
    35342.5403295 34255.1288919 33200.0903085 32177.5489148  
    31187.544375 30230.0286336 29304.860178 28411.7984277 27550.4913363  
    26720.457137 25921.0695092 25151.5316719 24410.8413964  
    23697.7579285 23010.7534935 22347.9507935 21707.0597644  
    21085.2884316 20479.2394182 19884.7949201 19296.9611152  
    18709.708428 18115.7568524 17506.3572128 16871.9410113  
    16204.9937933 15501.3002992 14759.4927351 13980.5812448  
    13167.6852284 12325.8293309 11461.8098729 10584.2056204  
    9702.61623808 8824.76297314 7954.8855633 7094.16585331 6241.378313  
    5393.6129537 4547.11601684 3698.58342898 2847.58996151  
    2003.96730005 1238.98311721 
  J_OH = 0.0 0.0 0.0 0.0 0.0 0.0 0.0 0.0 0.0 0.0 0.0 0.0 0.0 0.0 0.0  
    0.0 0.0 0.0 0.0 0.0 0.0 0.0 0.0 0.0 0.0 0.0 0.0 0.0 0.0 0.0 0.0 0.0  
    0.0 0.0 0.0 0.0 0.0 0.0 0.0 0.0 0.0 0.0 0.0 0.0 0.0 0.0 0.0 0.0 0.0  
    0.0 0.0 0.0 0.0 0.0 0.0 0.0 0.0 0.0 0.0 0.0 0.0 0.0 0.0 0.0 0.0 0.0  
    0.0 0.0 0.0 0.0 0.0 0.0 0.0 0.0 0.0 0.0 0.0 0.0 0.0 0.0 0.0 0.0 0.0  
    0.0 0.0 0.0 0.0 0.0 0.0 0.0 0.0 0.0 0.0 0.0 0.0 0.0 0.0 0.0 0.0 0.0  
    0.0 
  J_BS = 0.0 0.0 0.0 0.0 0.0 0.0 0.0 0.0 0.0 0.0 0.0 0.0 0.0 0.0 0.0  
    0.0 0.0 0.0 0.0 0.0 0.0 0.0 0.0 0.0 0.0 0.0 0.0 0.0 0.0 0.0 0.0 0.0  
    0.0 0.0 0.0 0.0 0.0 0.0 0.0 0.0 0.0 0.0 0.0 0.0 0.0 0.0 0.0 0.0 0.0  
    0.0 0.0 0.0 0.0 0.0 0.0 0.0 0.0 0.0 0.0 0.0 0.0 0.0 0.0 0.0 0.0 0.0  
    0.0 0.0 0.0 0.0 0.0 0.0 0.0 0.0 0.0 0.0 0.0 0.0 0.0 0.0 0.0 0.0 0.0  
    0.0 0.0 0.0 0.0 0.0 0.0 0.0 0.0 0.0 0.0 0.0 0.0 0.0 0.0 0.0 0.0 0.0  
    0.0 
  J_NB = 0.02206620459128699 0.022105224009830754 0.022219207169442257  
    0.022415977738232163 0.02268224044763539 0.0229586900189611  
    0.023194856227941252 0.023359775822079834 0.023428142299831606  
    0.023418317673578177 0.023386751681501797 0.023377536043047892  
    0.02341742780958691 0.02350564199405191 0.02359732552491784  
    0.023632061117577624 0.023570022229446614 0.023371217054434568  
    0.023003074652754592 0.022493112598294934 0.021889404464866105  
    0.021210505084392275 0.020487398814499735 0.019766254264987026  
    0.019066676599779085 0.018407128544431158 0.017812071884371332  
    0.01727448204584164 0.016754470078037285 0.01620366125430459  
    0.015584955781661804 0.014880939552992163 0.014108292984724187  
    0.013326966146840473 0.012599599602088578 0.011947628814864199  
    0.011373720905284053 0.010874004615784132 0.010412918348950738  
    0.009943645629859754 0.009445788931777655 0.008896616499965733  
    0.008265648103046863 0.007552396968800522 0.006780769394157884  
    0.00598031018689921 0.00520003866676711 0.004480940163170703  
    0.003825606639911838 0.0032348415109528994 0.0027117719222668844  
    0.002256398318095507 0.0018902915024194935 0.001646939617776471  
    0.0015356438255138187 0.001544413178076879 0.0016328405817208403  
    0.0017383419988399567 0.0018227117150286514 0.0018846571206792132  
    0.0019416534391446245 0.002039403153358907 0.0022401686324887457  
    0.0025820670790057372 0.0030654290860124564 0.0036716962653954967  
    0.004369863818100391 0.005113067701452312 0.005856816778527689  
    0.0065778050105497685 0.0072698961820495825 0.00792625496284675  
    0.008541420850910848 0.00911193627674996 0.009626846826952409  
    0.010066008630554268 0.010410873659821584 0.01064748468256378  
    0.01076051705999548 0.010735157967665979 0.010560809619765322  
    0.010233973968941573 0.009759594518009741 0.009152549650870223  
    0.008439242502197486 0.007651863693438085 0.006823401980106223  
    0.005985224738622266 0.00516534925166907 0.004385422510475008  
    0.003662293715331897 0.0030077115308877124 0.0024281113554442  
    0.001925910997302505 0.0014996763023431923 0.0011451355910037555  
    0.0008590159453396013 0.0006416083557529576 0.0004949318974166923  
    0.00042262093540462503 0.0004056895665643384 
  J_EC = 0.0 0.0 0.0 0.0 0.0 0.0 0.0 0.0 0.0 0.0 0.0 0.0 0.0 0.0 0.0  
    0.0 0.0 0.0 0.0 0.0 0.0 0.0 0.0 0.0 0.0 0.0 0.0 0.0 0.0 0.0 0.0 0.0  
    0.0 0.0 0.0 0.0 0.0 0.0 0.0 0.0 0.0 0.0 0.0 0.0 0.0 0.0 0.0 0.0 0.0  
    0.0 0.0 0.0 0.0 0.0 0.0 0.0 0.0 0.0 0.0 0.0 0.0 0.0 0.0 0.0 0.0 0.0  
    0.0 0.0 0.0 0.0 0.0 0.0 0.0 0.0 0.0 0.0 0.0 0.0 0.0 0.0 0.0 0.0 0.0  
    0.0 0.0 0.0 0.0 0.0 0.0 0.0 0.0 0.0 0.0 0.0 0.0 0.0 0.0 0.0 0.0 0.0  
    0.0 
  J_IC = 0.0 0.0 0.0 0.0 0.0 0.0 0.0 0.0 0.0 0.0 0.0 0.0 0.0 0.0 0.0  
    0.0 0.0 0.0 0.0 0.0 0.0 0.0 0.0 0.0 0.0 0.0 0.0 0.0 0.0 0.0 0.0 0.0  
    0.0 0.0 0.0 0.0 0.0 0.0 0.0 0.0 0.0 0.0 0.0 0.0 0.0 0.0 0.0 0.0 0.0  
    0.0 0.0 0.0 0.0 0.0 0.0 0.0 0.0 0.0 0.0 0.0 0.0 0.0 0.0 0.0 0.0 0.0  
    0.0 0.0 0.0 0.0 0.0 0.0 0.0 0.0 0.0 0.0 0.0 0.0 0.0 0.0 0.0 0.0 0.0  
    0.0 0.0 0.0 0.0 0.0 0.0 0.0 0.0 0.0 0.0 0.0 0.0 0.0 0.0 0.0 0.0 0.0  
    0.0 
  PE_NB = 0.13697641666553026 0.1376026803032925 0.13907129672065227  
    0.14082037687613705 0.14252537353259523 0.1439210048397123  
    0.1448807147871777 0.14545055540762172 0.1458150495591242  
    0.14601146362272122 0.14578643007894188 0.14507922653874966  
    0.1442194302009767 0.14338505037943047 0.14271871505670627  
    0.14241368040047517 0.14239807647845568 0.14250825383170942  
    0.1425699167146861 0.1425123556033548 0.14241497228994632  
    0.14229632152545565 0.14224237178829824 0.1424521161551812  
    0.14297150118392107 0.1439109909676554 0.1454803528565929  
    0.14750726781610837 0.14980293750886678 0.152398431962943  
    0.15504159221804964 0.15743384907786862 0.1597434167016698  
    0.1621002294429952 0.16440919250585345 0.1668661621972586  
    0.1696604553510253 0.1725509316579474 0.17541603358594512  
    0.17832861487593527 0.18106566048793474 0.18355890163028862  
    0.18609368961117811 0.18883045450817454 0.19175628853800755  
    0.19498909581006318 0.19855650538302966 0.20221201751047121  
    0.2056733087677027 0.20898935891491302 0.2122980553708125  
    0.21554559815667287 0.21883873591021777 0.22244156635267126  
    0.22629927453377288 0.23009163254672266 0.23371412136492917  
    0.23719304078378875 0.24046897638396814 0.24338922840512212  
    0.24595716099719353 0.24826043540902787 0.25022321119522584  
    0.2515386772819851 0.2521407212606771 0.2522898770189096  
    0.25204649681576446 0.25125071915674635 0.24991142807031658  
    0.24786352222909033 0.2445953859117746 0.23990843105943466  
    0.23395122255903275 0.22687699899922498 0.21894728824758053  
    0.210410382420597 0.2011622285750699 0.19109311286366448  
    0.18026185149232263 0.1687296007025994 0.15669865665790336  
    0.14451709715369743 0.13237629686754127 0.1203940080665729  
    0.10874750673591069 0.09753855360898082 0.08682648628444228  
    0.07673149204709429 0.06734418870061014 0.058680451580666565  
    0.05074019586113065 0.04355596886407783 0.03716562026402232  
    0.03158443817482336 0.026874592898945934 0.023178844628749917  
    0.020561574232276707 0.018923305964302653 0.018075888493172612  
    0.017770480133548462 0.01771639908103666 
  PE_EC = 0.0 0.0 0.0 0.0 0.0 0.0 0.0 0.0 0.0 0.0 0.0 0.0 0.0 0.0 0.0  
    0.0 0.0 0.0 0.0 0.0 0.0 0.0 0.0 0.0 0.0 0.0 0.0 0.0 0.0 0.0 0.0 0.0  
    0.0 0.0 0.0 0.0 0.0 0.0 0.0 0.0 0.0 0.0 0.0 0.0 0.0 0.0 0.0 0.0 0.0  
    0.0 0.0 0.0 0.0 0.0 0.0 0.0 0.0 0.0 0.0 0.0 0.0 0.0 0.0 0.0 0.0 0.0  
    0.0 0.0 0.0 0.0 0.0 0.0 0.0 0.0 0.0 0.0 0.0 0.0 0.0 0.0 0.0 0.0 0.0  
    0.0 0.0 0.0 0.0 0.0 0.0 0.0 0.0 0.0 0.0 0.0 0.0 0.0 0.0 0.0 0.0 0.0  
    0.0 
  PE_IC = 0.0 0.0 0.0 0.0 0.0 0.0 0.0 0.0 0.0 0.0 0.0 0.0 0.0 0.0 0.0  
    0.0 0.0 0.0 0.0 0.0 0.0 0.0 0.0 0.0 0.0 0.0 0.0 0.0 0.0 0.0 0.0 0.0  
    0.0 0.0 0.0 0.0 0.0 0.0 0.0 0.0 0.0 0.0 0.0 0.0 0.0 0.0 0.0 0.0 0.0  
    0.0 0.0 0.0 0.0 0.0 0.0 0.0 0.0 0.0 0.0 0.0 0.0 0.0 0.0 0.0 0.0 0.0  
    0.0 0.0 0.0 0.0 0.0 0.0 0.0 0.0 0.0 0.0 0.0 0.0 0.0 0.0 0.0 0.0 0.0  
    0.0 0.0 0.0 0.0 0.0 0.0 0.0 0.0 0.0 0.0 0.0 0.0 0.0 0.0 0.0 0.0 0.0  
    0.0 
  PE_FUS = 0.0 0.0 0.0 0.0 0.0 0.0 0.0 0.0 0.0 0.0 0.0 0.0 0.0 0.0 0.0  
    0.0 0.0 0.0 0.0 0.0 0.0 0.0 0.0 0.0 0.0 0.0 0.0 0.0 0.0 0.0 0.0 0.0  
    0.0 0.0 0.0 0.0 0.0 0.0 0.0 0.0 0.0 0.0 0.0 0.0 0.0 0.0 0.0 0.0 0.0  
    0.0 0.0 0.0 0.0 0.0 0.0 0.0 0.0 0.0 0.0 0.0 0.0 0.0 0.0 0.0 0.0 0.0  
    0.0 0.0 0.0 0.0 0.0 0.0 0.0 0.0 0.0 0.0 0.0 0.0 0.0 0.0 0.0 0.0 0.0  
    0.0 0.0 0.0 0.0 0.0 0.0 0.0 0.0 0.0 0.0 0.0 0.0 0.0 0.0 0.0 0.0 0.0  
    0.0 
  PE_IONIZATION = 0.0 0.0 0.0 0.0 0.0 0.0 0.0 0.0 0.0 0.0 0.0 0.0 0.0  
    0.0 0.0 0.0 0.0 0.0 0.0 0.0 0.0 0.0 0.0 0.0 0.0 0.0 0.0 0.0 0.0 0.0  
    0.0 0.0 0.0 0.0 0.0 0.0 0.0 0.0 0.0 0.0 0.0 0.0 0.0 0.0 0.0 0.0 0.0  
    0.0 0.0 0.0 0.0 0.0 0.0 0.0 0.0 0.0 0.0 0.0 0.0 0.0 0.0 0.0 0.0 0.0  
    0.0 0.0 0.0 0.0 0.0 0.0 0.0 0.0 0.0 0.0 0.0 0.0 0.0 0.0 0.0 0.0 0.0  
    0.0 0.0 0.0 0.0 0.0 0.0 0.0 0.0 0.0 0.0 0.0 0.0 0.0 0.0 0.0 0.0 0.0  
    0.0 0.0 0.0 
  PI_NB = 0.2724740873439506 0.2735819572147215 0.2760232849738906  
    0.278658276823519 0.2811385675958261 0.2830225940873827  
    0.28398263825713066 0.28430069906092403 0.2843790667990864  
    0.284101507535137 0.2828540434913428 0.2805918825772544  
    0.27772805989873683 0.27448053018696 0.2711645996063899  
    0.26814447231490396 0.2654159398976959 0.26291937906983515  
    0.2605115845233142 0.2581247052477305 0.2560382233783143  
    0.254018518388439 0.25174714273731924 0.24940181266791728  
    0.24703142575545584 0.24463578065491962 0.242718297569626  
    0.24151325798046494 0.2408943954997473 0.24087609671361587  
    0.24125329931086714 0.2415115913953948 0.24149804471214134  
    0.2413156981140567 0.24091896290696022 0.24046245397321342  
    0.2402479067761 0.2402032783026954 0.2401906348784051  
    0.24026014991860425 0.24021852658732887 0.24003312256024592  
    0.24011090133041796 0.24068434731572158 0.24163217085881727  
    0.2430122484794588 0.24476268055560443 0.24637932717050806  
    0.24739897844615222 0.24790929019063293 0.24805792631571466  
    0.2478770210001644 0.2477138722967262 0.24803730564815082  
    0.24877794459193572 0.249448650978997 0.24982299174675202  
    0.2497880260775934 0.2491532699658067 0.2479531889873609  
    0.24653131699204375 0.2450278940868448 0.24340889799916535  
    0.24160007614010393 0.23941762467425423 0.2368548795554503  
    0.23405061825210205 0.2308609624201946 0.22702952425656003  
    0.222478725767261 0.2169620647835893 0.21022050787871885  
    0.20239925916787635 0.1937941507355763 0.18457218508160048  
    0.1748546825791952 0.16466353643768974 0.15399523959356634  
    0.14291263217451725 0.1314895343690524 0.11991875356612179  
    0.10847884084541626 0.0972876305356276 0.08637176555478107  
    0.07587369047287311 0.06589348480226936 0.05645715049413784  
    0.04766088235898228 0.03964972703605047 0.03248418489042458  
    0.026172214705112367 0.020725240062092594 0.016123107169781443  
    0.01229508010188532 0.009149627491135777 0.006609733469749346  
    0.004615129641951029 0.003113959821001782 0.002063319958015241  
    0.0014397412106400991 0.001232602107885827 
  PI_EC = 0.0 0.0 0.0 0.0 0.0 0.0 0.0 0.0 0.0 0.0 0.0 0.0 0.0 0.0 0.0  
    0.0 0.0 0.0 0.0 0.0 0.0 0.0 0.0 0.0 0.0 0.0 0.0 0.0 0.0 0.0 0.0 0.0  
    0.0 0.0 0.0 0.0 0.0 0.0 0.0 0.0 0.0 0.0 0.0 0.0 0.0 0.0 0.0 0.0 0.0  
    0.0 0.0 0.0 0.0 0.0 0.0 0.0 0.0 0.0 0.0 0.0 0.0 0.0 0.0 0.0 0.0 0.0  
    0.0 0.0 0.0 0.0 0.0 0.0 0.0 0.0 0.0 0.0 0.0 0.0 0.0 0.0 0.0 0.0 0.0  
    0.0 0.0 0.0 0.0 0.0 0.0 0.0 0.0 0.0 0.0 0.0 0.0 0.0 0.0 0.0 0.0 0.0  
    0.0 
  PI_IC = 0.0 0.0 0.0 0.0 0.0 0.0 0.0 0.0 0.0 0.0 0.0 0.0 0.0 0.0 0.0  
    0.0 0.0 0.0 0.0 0.0 0.0 0.0 0.0 0.0 0.0 0.0 0.0 0.0 0.0 0.0 0.0 0.0  
    0.0 0.0 0.0 0.0 0.0 0.0 0.0 0.0 0.0 0.0 0.0 0.0 0.0 0.0 0.0 0.0 0.0  
    0.0 0.0 0.0 0.0 0.0 0.0 0.0 0.0 0.0 0.0 0.0 0.0 0.0 0.0 0.0 0.0 0.0  
    0.0 0.0 0.0 0.0 0.0 0.0 0.0 0.0 0.0 0.0 0.0 0.0 0.0 0.0 0.0 0.0 0.0  
    0.0 0.0 0.0 0.0 0.0 0.0 0.0 0.0 0.0 0.0 0.0 0.0 0.0 0.0 0.0 0.0 0.0  
    0.0 
  PI_FUS = 0.0 0.0 0.0 0.0 0.0 0.0 0.0 0.0 0.0 0.0 0.0 0.0 0.0 0.0 0.0  
    0.0 0.0 0.0 0.0 0.0 0.0 0.0 0.0 0.0 0.0 0.0 0.0 0.0 0.0 0.0 0.0 0.0  
    0.0 0.0 0.0 0.0 0.0 0.0 0.0 0.0 0.0 0.0 0.0 0.0 0.0 0.0 0.0 0.0 0.0  
    0.0 0.0 0.0 0.0 0.0 0.0 0.0 0.0 0.0 0.0 0.0 0.0 0.0 0.0 0.0 0.0 0.0  
    0.0 0.0 0.0 0.0 0.0 0.0 0.0 0.0 0.0 0.0 0.0 0.0 0.0 0.0 0.0 0.0 0.0  
    0.0 0.0 0.0 0.0 0.0 0.0 0.0 0.0 0.0 0.0 0.0 0.0 0.0 0.0 0.0 0.0 0.0  
    0.0 
  PI_IONIZATION = 0.0 0.0 0.0 0.0 0.0 0.0 0.0 0.0 0.0 0.0 0.0 0.0 0.0  
    0.0 0.0 0.0 0.0 0.0 0.0 0.0 0.0 0.0 0.0 0.0 0.0 0.0 0.0 0.0 0.0 0.0  
    0.0 0.0 0.0 0.0 0.0 0.0 0.0 0.0 0.0 0.0 0.0 0.0 0.0 0.0 0.0 0.0 0.0  
    0.0 0.0 0.0 0.0 0.0 0.0 0.0 0.0 0.0 0.0 0.0 0.0 0.0 0.0 0.0 0.0 0.0  
    0.0 0.0 0.0 0.0 0.0 0.0 0.0 0.0 0.0 0.0 0.0 0.0 0.0 0.0 0.0 0.0 0.0  
    0.0 0.0 0.0 0.0 0.0 0.0 0.0 0.0 0.0 0.0 0.0 0.0 0.0 0.0 0.0 0.0 0.0  
    0.0 0.0 0.0 
  PI_CX = 0.0 0.0 0.0 0.0 0.0 0.0 0.0 0.0 0.0 0.0 0.0 0.0 0.0 0.0 0.0  
    0.0 0.0 0.0 0.0 0.0 0.0 0.0 0.0 0.0 0.0 0.0 0.0 0.0 0.0 0.0 0.0 0.0  
    0.0 0.0 0.0 0.0 0.0 0.0 0.0 0.0 0.0 0.0 0.0 0.0 0.0 0.0 0.0 0.0 0.0  
    0.0 0.0 0.0 0.0 0.0 0.0 0.0 0.0 0.0 0.0 0.0 0.0 0.0 0.0 0.0 0.0 0.0  
    0.0 0.0 0.0 0.0 0.0 0.0 0.0 0.0 0.0 0.0 0.0 0.0 0.0 0.0 0.0 0.0 0.0  
    0.0 0.0 0.0 0.0 0.0 0.0 0.0 0.0 0.0 0.0 0.0 0.0 0.0 0.0 0.0 0.0 0.0  
    0.0 
  P_OHM = 0.0 0.0 0.0 0.0 0.0 0.0 0.0 0.0 0.0 0.0 0.0 0.0 0.0 0.0 0.0  
    0.0 0.0 0.0 0.0 0.0 0.0 0.0 0.0 0.0 0.0 0.0 0.0 0.0 0.0 0.0 0.0 0.0  
    0.0 0.0 0.0 0.0 0.0 0.0 0.0 0.0 0.0 0.0 0.0 0.0 0.0 0.0 0.0 0.0 0.0  
    0.0 0.0 0.0 0.0 0.0 0.0 0.0 0.0 0.0 0.0 0.0 0.0 0.0 0.0 0.0 0.0 0.0  
    0.0 0.0 0.0 0.0 0.0 0.0 0.0 0.0 0.0 0.0 0.0 0.0 0.0 0.0 0.0 0.0 0.0  
    0.0 0.0 0.0 0.0 0.0 0.0 0.0 0.0 0.0 0.0 0.0 0.0 0.0 0.0 0.0 0.0 0.0  
    0.0 
  P_EI = 0.0 0.0 0.0 0.0 0.0 0.0 0.0 0.0 0.0 0.0 0.0 0.0 0.0 0.0 0.0  
    0.0 0.0 0.0 0.0 0.0 0.0 0.0 0.0 0.0 0.0 0.0 0.0 0.0 0.0 0.0 0.0 0.0  
    0.0 0.0 0.0 0.0 0.0 0.0 0.0 0.0 0.0 0.0 0.0 0.0 0.0 0.0 0.0 0.0 0.0  
    0.0 0.0 0.0 0.0 0.0 0.0 0.0 0.0 0.0 0.0 0.0 0.0 0.0 0.0 0.0 0.0 0.0  
    0.0 0.0 0.0 0.0 0.0 0.0 0.0 0.0 0.0 0.0 0.0 0.0 0.0 0.0 0.0 0.0 0.0  
    0.0 0.0 0.0 0.0 0.0 0.0 0.0 0.0 0.0 0.0 0.0 0.0 0.0 0.0 0.0 0.0 0.0  
    0.0 
  TORQUE_NB = 0.17182527303945058 0.1765338761185027  
    0.18760116676388075 0.20068639926876877 0.21428664579087375  
    0.2249841446205429 0.22968856987872505 0.22952343315558907  
    0.2264489248285786 0.22118465288165112 0.21445594944655205  
    0.2086479722378852 0.20576467325934245 0.20521568724735245  
    0.20590391546195766 0.20907410010412325 0.21465966577238796  
    0.2196425484763422 0.22298381020961774 0.2251263011321469  
    0.22503044814756556 0.22205302407417354 0.2187998217768249  
    0.2181896070639902 0.2200992977637981 0.22352058663929417  
    0.22772333049125998 0.2313338727115801 0.2331811264579174  
    0.2340430183563883 0.2347556182752393 0.2357304776998484  
    0.2367553892392385 0.23770225106530754 0.23894240494266814  
    0.2407582778035352 0.24330544014795558 0.24701733190047606  
    0.25156646116824727 0.2563097439353881 0.26138030776188986  
    0.2673462061041687 0.27483070100023044 0.28327049418744116  
    0.2912582659527963 0.2979754109289647 0.302550759920477  
    0.30429259848505463 0.3045120292381441 0.30489224232891265  
    0.3060909404731177 0.3088585418624492 0.313536944334928  
    0.319717977140071 0.3270318587758095 0.33507133928106564  
    0.343324456461352 0.35102296230179275 0.35782938394272884  
    0.36403893255612224 0.37021311941725393 0.3762879721944287  
    0.3828999380033529 0.3906666977299337 0.39942430240887716  
    0.40912447357333664 0.42034088529793573 0.432351265763814  
    0.44319107975688876 0.4521332348223994 0.4587024415192835  
    0.46199752438799724 0.46263866922328833 0.4627785366502408  
    0.4628221414289954 0.46223067463145184 0.46074690436795246  
    0.45735211720988717 0.45026615290735195 0.4387496054327769  
    0.42322522047611727 0.40396477187787266 0.3810921424380106  
    0.35512247473674324 0.32645010755689896 0.2948093932769168  
    0.26043678529326364 0.22418043094656137 0.1865156426643051  
    0.14796359718818375 0.10938627469778893 0.07125531695054237  
    0.03403344503805549 -0.0012867095219338638 -0.03390157522164939  
    -0.0634476740919862 -0.08916757787735557 -0.11009470400847703  
    -0.1256951161102382 -0.135605938105571 -0.13906970835232038 
  TORQUE_IN = 0.0 0.0 0.0 0.0 0.0 0.0 0.0 0.0 0.0 0.0 0.0 0.0 0.0 0.0  
    0.0 0.0 0.0 0.0 0.0 0.0 0.0 0.0 0.0 0.0 0.0 0.0 0.0 0.0 0.0 0.0 0.0  
    0.0 0.0 0.0 0.0 0.0 0.0 0.0 0.0 0.0 0.0 0.0 0.0 0.0 0.0 0.0 0.0 0.0  
    0.0 0.0 0.0 0.0 0.0 0.0 0.0 0.0 0.0 0.0 0.0 0.0 0.0 0.0 0.0 0.0 0.0  
    0.0 0.0 0.0 0.0 0.0 0.0 0.0 0.0 0.0 0.0 0.0 0.0 0.0 0.0 0.0 0.0 0.0  
    0.0 0.0 0.0 0.0 0.0 0.0 0.0 0.0 0.0 0.0 0.0 0.0 0.0 0.0 0.0 0.0 0.0  
    0.0 0.0 
  SE_NB = 1.4104612562173708 1.4107662365876463 1.411320646626159  
    1.4141785176636705 1.422169280681759 1.4333545176937383  
    1.4445779929514775 1.4543775094179794 1.460701347448749  
    1.4628033945890468 1.4630182995557897 1.4635094865481826  
    1.4649971516637437 1.4677493834601067 1.4715114744320892  
    1.4754603845742131 1.4792689207036478 1.4831588854341213  
    1.4868494712656548 1.4903389704270222 1.4943414908352863  
    1.4989302460266662 1.5037047995587816 1.5088874150439315  
    1.5146336613980989 1.5208453529203665 1.5279080398469942  
    1.5362398776602484 1.5458288614477353 1.5565923932053658  
    1.5684155329022482 1.5809961105000583 1.593946454537044  
    1.607120882133468 1.620658289632493 1.634626866226096  
    1.648959889198827 1.663798850000225 1.6793724149587483  
    1.6957104544323487 1.712791363047855 1.7306879893109317  
    1.7493850365848513 1.7687350782558067 1.7887291494706108  
    1.8096143037692018 1.831590895496136 1.854738736925779  
    1.8791146980928484 1.9046511822114456 1.9311845002983632  
    1.9586011003477901 1.9868267107686244 2.01586717990023  
    2.045725219384759 2.076266730807296 2.10740515783493  
    2.1392072573626857 2.1716659386268065 2.2047557324967926  
    2.23859620057361 2.2732462677140375 2.308613817000783  
    2.344628938445137 2.3813087895648786 2.4185356600068224  
    2.4561114952708176 2.493883394141202 2.5317435549147245  
    2.5695706686972413 2.607320412016484 2.645144282627433  
    2.6831958085104355 2.7215574782269747 2.7603353447001835  
    2.7995568656468706 2.8390244842813366 2.8785353417067254  
    2.917924253823969 2.9570023657290605 2.99561410648807  
    3.033670936936278 3.0712132621271433 3.1080288239657032  
    3.1436640475234343 3.177959767778049 3.210400890347276  
    3.240030508247199 3.2664176761055024 3.2878723130309666  
    3.299720609689754 3.2945607784346578 3.25965666184206  
    3.17723284308364 3.0320754543308253 2.818212562065207  
    2.545377019387537 2.2464416254467117 1.9727070738593653  
    1.778737759994286 1.7082518562773468 
  SE_IONIZATION = 0.0 0.0 0.0 0.0 0.0 0.0 0.0 0.0 0.0 0.0 0.0 0.0 0.0  
    0.0 0.0 0.0 0.0 0.0 0.0 0.0 0.0 0.0 0.0 0.0 0.0 0.0 0.0 0.0 0.0 0.0  
    0.0 0.0 0.0 0.0 0.0 0.0 0.0 0.0 0.0 0.0 0.0 0.0 0.0 0.0 0.0 0.0 0.0  
    0.0 0.0 0.0 0.0 0.0 0.0 0.0 0.0 0.0 0.0 0.0 0.0 0.0 0.0 0.0 0.0 0.0  
    0.0 0.0 0.0 0.0 0.0 0.0 0.0 0.0 0.0 0.0 0.0 0.0 0.0 0.0 0.0 0.0 0.0  
    0.0 0.0 0.0 0.0 0.0 0.0 0.0 0.0 0.0 0.0 0.0 0.0 0.0 0.0 0.0 0.0 0.0  
    0.0 0.0 0.0 
  SI_NB = 0.0 0.0 0.0 0.0 0.0 0.0 0.0 0.0 0.0 0.0 0.0 0.0 0.0 0.0 0.0  
    0.0 0.0 0.0 0.0 0.0 0.0 0.0 0.0 0.0 0.0 0.0 0.0 0.0 0.0 0.0 0.0 0.0  
    0.0 0.0 0.0 0.0 0.0 0.0 0.0 0.0 0.0 0.0 0.0 0.0 0.0 0.0 0.0 0.0 0.0  
    0.0 0.0 0.0 0.0 0.0 0.0 0.0 0.0 0.0 0.0 0.0 0.0 0.0 0.0 0.0 0.0 0.0  
    0.0 0.0 0.0 0.0 0.0 0.0 0.0 0.0 0.0 0.0 0.0 0.0 0.0 0.0 0.0 0.0 0.0  
    0.0 0.0 0.0 0.0 0.0 0.0 0.0 0.0 0.0 0.0 0.0 0.0 0.0 0.0 0.0 0.0 0.0  
    0.0 
  SI_IONIZATION = 0.0 0.0 0.0 0.0 0.0 0.0 0.0 0.0 0.0 0.0 0.0 0.0 0.0  
    0.0 0.0 0.0 0.0 0.0 0.0 0.0 0.0 0.0 0.0 0.0 0.0 0.0 0.0 0.0 0.0 0.0  
    0.0 0.0 0.0 0.0 0.0 0.0 0.0 0.0 0.0 0.0 0.0 0.0 0.0 0.0 0.0 0.0 0.0  
    0.0 0.0 0.0 0.0 0.0 0.0 0.0 0.0 0.0 0.0 0.0 0.0 0.0 0.0 0.0 0.0 0.0  
    0.0 0.0 0.0 0.0 0.0 0.0 0.0 0.0 0.0 0.0 0.0 0.0 0.0 0.0 0.0 0.0 0.0  
    0.0 0.0 0.0 0.0 0.0 0.0 0.0 0.0 0.0 0.0 0.0 0.0 0.0 0.0 0.0 0.0 0.0  
    0.0 0.0 0.0 
  Q = 0.0 0.0 0.0 0.0 0.0 0.0 0.0 0.0 0.0 0.0 0.0 0.0 0.0 0.0 0.0 0.0  
    0.0 0.0 0.0 0.0 0.0 0.0 0.0 0.0 0.0 0.0 0.0 0.0 0.0 0.0 0.0 0.0 0.0  
    0.0 0.0 0.0 0.0 0.0 0.0 0.0 0.0 0.0 0.0 0.0 0.0 0.0 0.0 0.0 0.0 0.0  
    0.0 0.0 0.0 0.0 0.0 0.0 0.0 0.0 0.0 0.0 0.0 0.0 0.0 0.0 0.0 0.0 0.0  
    0.0 0.0 0.0 0.0 0.0 0.0 0.0 0.0 0.0 0.0 0.0 0.0 0.0 0.0 0.0 0.0 0.0  
    0.0 0.0 0.0 0.0 0.0 0.0 0.0 0.0 0.0 0.0 0.0 0.0 0.0 0.0 0.0 0.0 0.0 
  PSIPOL = 0.0 0.0 0.0 0.0 0.0 0.0 0.0 0.0 0.0 0.0 0.0 0.0 0.0 0.0 0.0  
    0.0 0.0 0.0 0.0 0.0 0.0 0.0 0.0 0.0 0.0 0.0 0.0 0.0 0.0 0.0 0.0 0.0  
    0.0 0.0 0.0 0.0 0.0 0.0 0.0 0.0 0.0 0.0 0.0 0.0 0.0 0.0 0.0 0.0 0.0  
    0.0 0.0 0.0 0.0 0.0 0.0 0.0 0.0 0.0 0.0 0.0 0.0 0.0 0.0 0.0 0.0 0.0  
    0.0 0.0 0.0 0.0 0.0 0.0 0.0 0.0 0.0 0.0 0.0 0.0 0.0 0.0 0.0 0.0 0.0  
    0.0 0.0 0.0 0.0 0.0 0.0 0.0 0.0 0.0 0.0 0.0 0.0 0.0 0.0 0.0 0.0 0.0  
    0.0 
  DENSITY_BEAM = 0.07302417332061469 0.0730107591290992  
    0.07297580948116748 0.07302482627506589 0.07326414283388767  
    0.0736416154591996 0.07407932959754376 0.07451703394035765  
    0.07482646255802837 0.07492604890554783 0.07484369464223989  
    0.07461103900886547 0.07427378167981454 0.07389628679492471  
    0.07353177521316556 0.0732224838599979 0.07300338984403551  
    0.07287025850039298 0.0727866849395152 0.07273264268509279  
    0.07269633592284122 0.07263350765926553 0.07250840316674485  
    0.07233468759890352 0.07213617662129321 0.0719511062185313  
    0.07185787581580579 0.07191813342452698 0.072129785319472  
    0.07246483750362377 0.07288626527965186 0.07333676377395769  
    0.07376832705322542 0.07417562483044965 0.07456315266443637  
    0.0749223059620986 0.07525244133775907 0.07555947965324909  
    0.07584537753917225 0.07612100887519352 0.07640278112687954  
    0.07669967866689503 0.07701196262722242 0.07734507340134686  
    0.07771012834770778 0.0781066948484541 0.07851821812066503  
    0.07892203876603253 0.0792806664565834 0.07956119039196603  
    0.07975880054803473 0.07989305233302302 0.08000543025043849  
    0.08013636327417299 0.08028464453369796 0.08042277981408572  
    0.08051399455272652 0.08050602529703994 0.0803648779097473  
    0.08009274834090993 0.07970149526285897 0.079207402606752  
    0.07862796629789842 0.07795611764659592 0.07716725060545393  
    0.07624111335514651 0.0751573510985948 0.07388260455856656  
    0.07238353163993085 0.07063428909019277 0.06861614204583022  
    0.06631960628842162 0.0637599772879144 0.06097135596578368  
    0.05798966695416795 0.054846391611643834 0.05156725260425462  
    0.048177926473960735 0.044705059622913226 0.04117778645523615  
    0.03762768919752342 0.034089377886330194 0.030595184120359744  
    0.027179119732029588 0.02388082147085865 0.0207416729258545  
    0.017801012796396152 0.015090548715663456 0.012633571049824181  
    0.010443457631955928 0.008521740209273711 0.006861612366003415  
    0.0054524022194864935 0.004277563188842906 0.003315735370642298  
    0.0025439910836310264 0.0019403767571558972 0.001486960920428768  
    0.0011704976491223598 0.0009822410883363844 0.0009194157587498339 
  WBEAM = 0.004417255435595419 0.0044144465656087975  
    0.004406877568646904 0.004401320719738805 0.00440405890858738  
    0.004412539413228465 0.004422697167043477 0.004431584096690628  
    0.00443342829561488 0.004425526162171248 0.004410930257312696  
    0.004392236299068405 0.0043716715805552 0.0043511890932217  
    0.004331714962461941 0.00431386502832235 0.0042984342850673814  
    0.004284502289359508 0.004269852366899448 0.004254170389997426  
    0.004238116264732363 0.004220540423410006 0.004201066278995506  
    0.004181718796922987 0.004163847735518226 0.004148881763671047  
    0.004140158246368125 0.004139474114038245 0.004145381916894527  
    0.004156209567856948 0.004170471293186586 0.004185422820889829  
    0.004199058635527559 0.004211740940509512 0.0042232431513118006  
    0.004231819627897995 0.004236685676138461 0.004237925285389827  
    0.004235498246188152 0.004230118694831703 0.0042230336353145  
    0.004215156234034423 0.004206360480470488 0.004196272705213519  
    0.004185188494455688 0.004173379559115684 0.004160360782700932  
    0.004145827581300266 0.004129338647292595 0.0041104267386032  
    0.004089109657264915 0.004065909271152027 0.004042084725957819  
    0.004018759092525892 0.003995452598448001 0.003971293323347851  
    0.003945515751628752 0.003916383528731042 0.003882399099037636  
    0.003843167906253915 0.0037984176498837004 0.003747882906268026  
    0.0036916003682780844 0.0036292237987498167 0.0035601949658779796  
    0.0034840652647783804 0.0034005269103181733 0.00330908578187992  
    0.0032093225001887512 0.003100859325226324 0.0029834490616691928  
    0.002857054672861436 0.0027224227463844043 0.002580722520097886  
    0.002433289068584636 0.0022816637718769774 0.0021270504608753593  
    0.0019704525300142566 0.0018131265506567832 0.0016564923842979577  
    0.0015018448470074496 0.0013506499457714967 0.001204400458162327  
    0.0010644637559584576 0.0009321667857403594 0.0008087510061868441  
    0.0006952483882937955 0.0005922715063208983 0.0005001007157369309  
    0.0004187276973941693 0.0003477555473178261 0.0002865214380068732  
    0.00023427293072984605 0.0001901406250861309 0.00015324568115974673  
    0.00012281599562174019 9.812654163813174e-05 7.876021626532894e-05  
    6.474835412279584e-05 5.642317407825626e-05 5.371749482773036e-05 
  DENSITY_ALPHA = 0.0 0.0 0.0 0.0 0.0 0.0 0.0 0.0 0.0 0.0 0.0 0.0 0.0  
    0.0 0.0 0.0 0.0 0.0 0.0 0.0 0.0 0.0 0.0 0.0 0.0 0.0 0.0 0.0 0.0 0.0  
    0.0 0.0 0.0 0.0 0.0 0.0 0.0 0.0 0.0 0.0 0.0 0.0 0.0 0.0 0.0 0.0 0.0  
    0.0 0.0 0.0 0.0 0.0 0.0 0.0 0.0 0.0 0.0 0.0 0.0 0.0 0.0 0.0 0.0 0.0  
    0.0 0.0 0.0 0.0 0.0 0.0 0.0 0.0 0.0 0.0 0.0 0.0 0.0 0.0 0.0 0.0 0.0  
    0.0 0.0 0.0 0.0 0.0 0.0 0.0 0.0 0.0 0.0 0.0 0.0 0.0 0.0 0.0 0.0 0.0  
    0.0 0.0 0.0 
  WALPHA = 0.0 0.0 0.0 0.0 0.0 0.0 0.0 0.0 0.0 0.0 0.0 0.0 0.0 0.0 0.0  
    0.0 0.0 0.0 0.0 0.0 0.0 0.0 0.0 0.0 0.0 0.0 0.0 0.0 0.0 0.0 0.0 0.0  
    0.0 0.0 0.0 0.0 0.0 0.0 0.0 0.0 0.0 0.0 0.0 0.0 0.0 0.0 0.0 0.0 0.0  
    0.0 0.0 0.0 0.0 0.0 0.0 0.0 0.0 0.0 0.0 0.0 0.0 0.0 0.0 0.0 0.0 0.0  
    0.0 0.0 0.0 0.0 0.0 0.0 0.0 0.0 0.0 0.0 0.0 0.0 0.0 0.0 0.0 0.0 0.0  
    0.0 0.0 0.0 0.0 0.0 0.0 0.0 0.0 0.0 0.0 0.0 0.0 0.0 0.0 0.0 0.0 0.0  
    0.0 
  CHIE = 0.0 0.0 0.0 0.0 0.0 0.0 0.0 0.0 0.0 0.0 0.0 0.0 0.0 0.0 0.0  
    0.0 0.0 0.0 0.0 0.0 0.0 0.0 0.0 0.0 0.0 0.0 0.0 0.0 0.0 0.0 0.0 0.0  
    0.0 0.0 0.0 0.0 0.0 0.0 0.0 0.0 0.0 0.0 0.0 0.0 0.0 0.0 0.0 0.0 0.0  
    0.0 0.0 0.0 0.0 0.0 0.0 0.0 0.0 0.0 0.0 0.0 0.0 0.0 0.0 0.0 0.0 0.0  
    0.0 0.0 0.0 0.0 0.0 0.0 0.0 0.0 0.0 0.0 0.0 0.0 0.0 0.0 0.0 0.0 0.0  
    0.0 0.0 0.0 0.0 0.0 0.0 0.0 0.0 0.0 0.0 0.0 0.0 0.0 0.0 0.0 0.0 0.0  
    0.0 
  CHII = 0.0 0.0 0.0 0.0 0.0 0.0 0.0 0.0 0.0 0.0 0.0 0.0 0.0 0.0 0.0  
    0.0 0.0 0.0 0.0 0.0 0.0 0.0 0.0 0.0 0.0 0.0 0.0 0.0 0.0 0.0 0.0 0.0  
    0.0 0.0 0.0 0.0 0.0 0.0 0.0 0.0 0.0 0.0 0.0 0.0 0.0 0.0 0.0 0.0 0.0  
    0.0 0.0 0.0 0.0 0.0 0.0 0.0 0.0 0.0 0.0 0.0 0.0 0.0 0.0 0.0 0.0 0.0  
    0.0 0.0 0.0 0.0 0.0 0.0 0.0 0.0 0.0 0.0 0.0 0.0 0.0 0.0 0.0 0.0 0.0  
    0.0 0.0 0.0 0.0 0.0 0.0 0.0 0.0 0.0 0.0 0.0 0.0 0.0 0.0 0.0 0.0 0.0  
    0.0 
  NBDRY = 85 
  RBDRY = 1.114976 1.11470438 1.11845505 1.12391958 1.13227855  
    1.14546875 1.15926951 1.17956713 1.19859375 1.22515625 1.25171875  
    1.27828125 1.31460907 1.3446875 1.38453125 1.43519008 1.4775  
    1.530625 1.58375 1.636875 1.67671875 1.7165625 1.76559164  
    1.80833854 1.84599421 1.88011447 1.91578125 1.955625 1.99238614  
    2.02203125 2.05870434 2.0884375 2.115 2.14330132 2.17019489  
    2.1946875 2.22125 2.24281481 2.26109375 2.274375 2.2826993 2.274375  
    2.26109375 2.23758078 2.21638095 2.19151921 2.1630096 2.13054366  
    2.10171875 2.07348111 2.0353125 2.0067361 1.96890625 1.93123145  
    1.9025 1.86265625 1.8228125 1.78985229 1.75640625 1.7165625  
    1.67671875 1.636875 1.59883774 1.56336326 1.52644497 1.48764894  
    1.44622756 1.39965646 1.38190556 1.35796875 1.33140625 1.30484375  
    1.27896763 1.25849835 1.2384375 1.21393378 1.19859375 1.17893413  
    1.16218889 1.14842937 1.13740213 1.128833 1.12050978 1.11656469  
    1.114976 
  ZBDRY = -0.025 0.075 0.175 0.25 0.325 0.409025889 0.475 0.55  
    0.60587701 0.668686308 0.718288337 0.757990141 0.8 0.826668636  
    0.853046316 0.875 0.885808724 0.890723666 0.88767403 0.877200212  
    0.865045756 0.849099285 0.825 0.8 0.775 0.75 0.721261723 0.68600837  
    0.65 0.618439744 0.575 0.535745513 0.496482872 0.45 0.4 0.348372766  
    0.285018629 0.225 0.16220676 0.0992518308 0.0 -0.0935959549  
    -0.153548388 -0.225 -0.275 -0.325 -0.375 -0.425 -0.464479081 -0.5  
    -0.544230903 -0.575 -0.613682876 -0.65 -0.676729947 -0.712544029  
    -0.747091479 -0.775 -0.803000562 -0.835396821 -0.866779849  
    -0.897065964 -0.925 -0.95 -0.975 -1.0 -1.025 -1.05 -1.06307938  
    -1.01798813 -0.965342039 -0.909085385 -0.85 -0.8 -0.747212587  
    -0.675 -0.624152607 -0.55 -0.475 -0.4 -0.325 -0.25 -0.15 -0.075  
    -0.025 
  NLIM = 87 
  RLIM = 1.0173 1.01932 1.01127 1.00225 1.0264 1.03497 1.03843 1.06122  
    1.09895 1.13814 1.16192 1.19008 1.21013 1.23082 1.23939 1.26108  
    1.28076 1.28076 1.33062 1.41948 1.41948 1.37993 1.37411 1.36741  
    1.36789 1.37233 1.38841 1.40222 1.41559 1.42588 1.488 1.49824  
    1.4911 1.49501 1.47765 1.48169 1.49105 1.52942 1.60203 1.64134  
    1.64687 1.7834 2.04518 2.05605 2.10643 2.08569 2.22221 2.24295  
    2.30183 2.31151 2.33364 2.34012 2.34645 2.34828 2.3511 2.34828  
    2.34645 2.34462 2.3511 2.2398 2.22333 2.21052 2.21318 2.2067  
    2.20021 2.18756 2.19388 2.13233 1.78395 1.74519 1.74687 1.74579  
    1.6452 1.40117 1.38559 1.3749 1.36954 1.36824 1.3686 1.37256 1.4277  
    1.4277 1.1645 1.01627 1.0175 1.0173 1.0173 
  ZLIM = 0.0 1.11592 1.16272 1.21239 1.21239 1.16392 1.16236 1.16356  
    1.1659 1.16824 1.17446 1.18699 1.20185 1.22499 1.23864 1.28634  
    1.33403 1.34811 1.34811 1.34749 1.31037 1.31093 1.30689 1.26409  
    1.22647 1.19476 1.16449 1.15729 1.15647 1.16276 1.2393 1.23381  
    1.21349 1.16171 1.12227 1.11592 1.11275 1.10483 1.09308 1.07021  
    1.07846 1.07209 1.03909 1.04322 0.99973 0.869266 0.519112 0.448631  
    0.280677 0.27968 0.21933 0.219873 0.198669 0.0632879 0.0420837  
    -0.254776 -0.272718 -0.410818 -0.420604 -0.684298 -0.684298  
    -0.714202 -0.732687 -0.753892 -0.73595 -0.77129 -0.789776 -0.945818  
    -1.15895 -1.23996 -1.24048 -1.2438 -1.2448 -1.24477 -1.24821  
    -1.25833 -1.26941 -1.27555 -1.32247 -1.3247 -1.3247 -1.35782  
    -1.35894 -1.218 -1.217 -0.001 0.0 
  DENSITY_ION_0 = 12.377266738715301 12.371816791887376  
    12.355963894867553 12.330455189206482 12.296037165993434  
    12.25345541342332 12.203456660944164 12.146788306819213  
    12.084195266589434 12.016424867102275 11.944162062984322  
    11.867945098349336 11.788291806764702 11.705712888529368  
    11.62066061729936 11.533553578314715 11.44480955602115  
    11.354847100767675 11.264080712348619 11.172874027010794  
    11.081545569300408 10.990413173342564 10.899793758339523  
    10.809990272584752 10.721263200026698 10.633838415182371  
    10.547940483548077 10.463788101176155 10.381562201890928  
    10.3014158904834 10.223491949868222 10.147912545084962  
    10.074782830242778 10.004170640683574 9.93609934141682  
    9.870572359679667 9.807566672541217 9.747042084559807  
    9.688955825285099 9.63326411917687 9.579921802771151  
    9.528867325044708 9.480015245447134 9.433273350407656  
    9.388553075184765 9.345762728383136 9.304813435518003  
    9.265610944962425 9.228054099735228 9.192029389379645  
    9.157424873598893 9.124129593328332 9.092031556601977  
    9.061019385639236 9.030980807280468 9.001804807908162  
    8.973379341159099 8.945592894497436 8.918332896797994  
    8.891489014683064 8.864948000605533 8.838589530928997  
    8.812278426201338 8.785866405658773 8.759199174857091  
    8.732121052945713 8.704465653591258 8.676055090582379  
    8.646693026232713 8.616177022451506 8.584286308816665  
    8.550786841178951 8.5154428248797 8.478022507998196  
    8.438287252966242 8.396013239155042 8.35101367338294  
    8.303146149804741 8.25230225531686 8.198424038686102  
    8.141484340894683 8.08148540103743 8.018532708938073  
    7.952893731384608 7.884876222722661 7.81478862918255  
    7.742938062420637 7.669610917578732 7.594601243737114  
    7.516270992540357 7.430494654441592 7.328257148679051  
    7.192402040184515 6.998954919361548 6.718719904191163  
    6.313856925005328 5.741629340073297 4.9716940528674325  
    4.0030355304535785 2.8649041442087095 1.6240069534160264 
  DENSITY_IMP_0 = 0.258761872414116 0.25868679971877045  
    0.2584645676887411 0.2580996337155862 0.25759648758442755  
    0.25695958992944695 0.25619342534263934 0.2553024499301312  
    0.2542911742017607 0.2531640315829542 0.25192549176927964  
    0.25058006074177713 0.24913217710588284 0.24758636951177201  
    0.24594704288344021 0.24421868829754753 0.24240582662980828  
    0.24051287187205397 0.23854433259189717 0.2365046668315344  
    0.23439834623326525 0.2322298262429064 0.23000363876007934  
    0.22772417703587428 0.22539600794555034 0.22302354418627157  
    0.2206112645253207 0.21816361015397429 0.21568508251817847  
    0.21318021870276696 0.21065339640529596 0.20810913326917285  
    0.2055519002928704 0.2029861341360709 0.20041636474719648  
    0.1978470657200555 0.19528262705979707 0.19272761954003242  
    0.19018646945248344 0.18766363937052166 0.18516361583814162  
    0.18269089382588194 0.180249879542144 0.1778451405153905  
    0.17548107841920615 0.17316220830281073 0.17089297654699934  
    0.1686778619229291 0.16652133996079552 0.16442787193672595  
    0.16240198910018472 0.16044807304527772 0.15857062909967024  
    0.1567741846267942 0.15506313287825518 0.1534420303686397  
    0.15191528784181685 0.15048736528209403 0.14916278162866792  
    0.14794598001448941 0.1468414469890776 0.1458536736335007  
    0.14498713223977705 0.1442462257702043 0.14363550945381806  
    0.14315945169238084 0.14282243925479013 0.14262906170460343  
    0.14258368054288142 0.14269085163808223 0.14295505570222242  
    0.14338067757017486 0.1439722556133834 0.14473425564530065  
    0.14567117846562644 0.14678611962749322 0.14807500139617674  
    0.14952759898087642 0.15112678512385688 0.15284763730064974  
    0.15466032209588587 0.15652942916542834 0.15840295475365446  
    0.16020159488256536 0.1618393517045566 0.16323023645790838  
    0.16428817873322707 0.1649271470035447 0.165061116865481  
    0.16460389287660682 0.16345035964973462 0.16142814703682512  
    0.15825711320258087 0.15349645523974204 0.1464594573431393  
    0.1363636563007786 0.12243279361278381 0.103920812515428  
    0.08026274811940351 0.05135037766188179 0.01767824646899557 
  DENSITY_TH = 12.636028611129417 12.630503591606146 12.614428462556294  
    12.588554822922069 12.553633653577862 12.510415003352767  
    12.459650086286803 12.402090756749343 12.338486440791195  
    12.26958889868523 12.196087554753602 12.118525159091114  
    12.037423983870585 11.95329925804114 11.8666076601828  
    11.777772266612262 11.687215382650958 11.595359972639729  
    11.502625044940515 11.409378693842328 11.315943915533673  
    11.22264299958547 11.129797397099603 11.037714449620626  
    10.946659207972248 10.856861959368644 10.768551748073397  
    10.681951711330129 10.597247284409105 10.514596109186167  
    10.43414534627352 10.356021678354134 10.28033473053565  
    10.207156774819644 10.136515706164017 10.068419425399721  
    10.002849299601014 9.93976970409984 9.879142294737582  
    9.820927758547391 9.765085418609294 9.71155821887059  
    9.660265124989278 9.611118490923047 9.564034153603972  
    9.518924936685947 9.475706412065003 9.434288806885354  
    9.394575439696023 9.35645726131637 9.319826862699077  
    9.28457766637361 9.250602185701648 9.21779357026603  
    9.186043940158722 9.1552468382768 9.125294629000916  
    9.09608025977953 9.067495678426662 9.039434994697553  
    9.01178944759461 8.984443204562497 8.957265558441115  
    8.930112631428978 8.902834684310909 8.875280504638093  
    8.847288092846048 8.818684152286982 8.789276706775594  
    8.758867874089589 8.727241364518887 8.694167518749126  
    8.659415080493083 8.622756763643496 8.583958431431869  
    8.542799358782535 8.499088674779117 8.452673748785617  
    8.403429040440717 8.351271675986752 8.296144662990569  
    8.238014830202857 8.176935663691728 8.113095326267175  
    8.046715574427218 7.9780188656404585 7.9072262411538645  
    7.834538064582277 7.759662360602595 7.680874885416964  
    7.593945014091327 7.489685295715876 7.350659153387095  
    7.1524513746012905 6.865179361534302 6.450220581306106  
    5.864062133686081 5.07561486538286 4.083298278572982  
    2.9162545218705915 1.641685199885022 
  NI = 12.377266738715301 12.371816791887376 12.355963894867553  
    12.330455189206482 12.296037165993434 12.25345541342332  
    12.203456660944164 12.146788306819213 12.084195266589434  
    12.016424867102275 11.944162062984322 11.867945098349336  
    11.788291806764702 11.705712888529368 11.62066061729936  
    11.533553578314715 11.44480955602115 11.354847100767675  
    11.264080712348619 11.172874027010794 11.081545569300408  
    10.990413173342564 10.899793758339523 10.809990272584752  
    10.721263200026698 10.633838415182371 10.547940483548077  
    10.463788101176155 10.381562201890928 10.3014158904834  
    10.223491949868222 10.147912545084962 10.074782830242778  
    10.004170640683574 9.93609934141682 9.870572359679667  
    9.807566672541217 9.747042084559807 9.688955825285099  
    9.63326411917687 9.579921802771151 9.528867325044708  
    9.480015245447134 9.433273350407656 9.388553075184765  
    9.345762728383136 9.304813435518003 9.265610944962425  
    9.228054099735228 9.192029389379645 9.157424873598893  
    9.124129593328332 9.092031556601977 9.061019385639236  
    9.030980807280468 9.001804807908162 8.973379341159099  
    8.945592894497436 8.918332896797994 8.891489014683064  
    8.864948000605533 8.838589530928997 8.812278426201338  
    8.785866405658773 8.759199174857091 8.732121052945713  
    8.704465653591258 8.676055090582379 8.646693026232713  
    8.616177022451506 8.584286308816665 8.550786841178951  
    8.5154428248797 8.478022507998196 8.438287252966242  
    8.396013239155042 8.35101367338294 8.303146149804741  
    8.25230225531686 8.198424038686102 8.141484340894683  
    8.08148540103743 8.018532708938073 7.952893731384608  
    7.884876222722661 7.81478862918255 7.742938062420637  
    7.669610917578732 7.594601243737114 7.516270992540357  
    7.430494654441592 7.328257148679051 7.192402040184515  
    6.998954919361548 6.718719904191163 6.313856925005328  
    5.741629340073297 4.9716940528674325 4.0030355304535785  
    2.8649041442087095 1.6240069534160264 
  NZ = 0.258761872414116 0.25868679971877045 0.2584645676887411  
    0.2580996337155862 0.25759648758442755 0.25695958992944695  
    0.25619342534263934 0.2553024499301312 0.2542911742017607  
    0.2531640315829542 0.25192549176927964 0.25058006074177713  
    0.24913217710588284 0.24758636951177201 0.24594704288344021  
    0.24421868829754753 0.24240582662980828 0.24051287187205397  
    0.23854433259189717 0.2365046668315344 0.23439834623326525  
    0.2322298262429064 0.23000363876007934 0.22772417703587428  
    0.22539600794555034 0.22302354418627157 0.2206112645253207  
    0.21816361015397429 0.21568508251817847 0.21318021870276696  
    0.21065339640529596 0.20810913326917285 0.2055519002928704  
    0.2029861341360709 0.20041636474719648 0.1978470657200555  
    0.19528262705979707 0.19272761954003242 0.19018646945248344  
    0.18766363937052166 0.18516361583814162 0.18269089382588194  
    0.180249879542144 0.1778451405153905 0.17548107841920615  
    0.17316220830281073 0.17089297654699934 0.1686778619229291  
    0.16652133996079552 0.16442787193672595 0.16240198910018472  
    0.16044807304527772 0.15857062909967024 0.1567741846267942  
    0.15506313287825518 0.1534420303686397 0.15191528784181685  
    0.15048736528209403 0.14916278162866792 0.14794598001448941  
    0.1468414469890776 0.1458536736335007 0.14498713223977705  
    0.1442462257702043 0.14363550945381806 0.14315945169238084  
    0.14282243925479013 0.14262906170460343 0.14258368054288142  
    0.14269085163808223 0.14295505570222242 0.14338067757017486  
    0.1439722556133834 0.14473425564530065 0.14567117846562644  
    0.14678611962749322 0.14807500139617674 0.14952759898087642  
    0.15112678512385688 0.15284763730064974 0.15466032209588587  
    0.15652942916542834 0.15840295475365446 0.16020159488256536  
    0.1618393517045566 0.16323023645790838 0.16428817873322707  
    0.1649271470035447 0.165061116865481 0.16460389287660682  
    0.16345035964973462 0.16142814703682512 0.15825711320258087  
    0.15349645523974204 0.1464594573431393 0.1363636563007786  
    0.12243279361278381 0.103920812515428 0.08026274811940351  
    0.05135037766188179 0.01767824646899557 
  J_LH = 0.0 0.0 0.0 0.0 0.0 0.0 0.0 0.0 0.0 0.0 0.0 0.0 0.0 0.0 0.0  
    0.0 0.0 0.0 0.0 0.0 0.0 0.0 0.0 0.0 0.0 0.0 0.0 0.0 0.0 0.0 0.0 0.0  
    0.0 0.0 0.0 0.0 0.0 0.0 0.0 0.0 0.0 0.0 0.0 0.0 0.0 0.0 0.0 0.0 0.0  
    0.0 0.0 0.0 0.0 0.0 0.0 0.0 0.0 0.0 0.0 0.0 0.0 0.0 0.0 0.0 0.0 0.0  
    0.0 0.0 0.0 0.0 0.0 0.0 0.0 0.0 0.0 0.0 0.0 0.0 0.0 0.0 0.0 0.0 0.0  
    0.0 0.0 0.0 0.0 0.0 0.0 0.0 0.0 0.0 0.0 0.0 0.0 0.0 0.0 0.0 0.0 0.0  
    0.0 
  PE_LH = 0.0 0.0 0.0 0.0 0.0 0.0 0.0 0.0 0.0 0.0 0.0 0.0 0.0 0.0 0.0  
    0.0 0.0 0.0 0.0 0.0 0.0 0.0 0.0 0.0 0.0 0.0 0.0 0.0 0.0 0.0 0.0 0.0  
    0.0 0.0 0.0 0.0 0.0 0.0 0.0 0.0 0.0 0.0 0.0 0.0 0.0 0.0 0.0 0.0 0.0  
    0.0 0.0 0.0 0.0 0.0 0.0 0.0 0.0 0.0 0.0 0.0 0.0 0.0 0.0 0.0 0.0 0.0  
    0.0 0.0 0.0 0.0 0.0 0.0 0.0 0.0 0.0 0.0 0.0 0.0 0.0 0.0 0.0 0.0 0.0  
    0.0 0.0 0.0 0.0 0.0 0.0 0.0 0.0 0.0 0.0 0.0 0.0 0.0 0.0 0.0 0.0 0.0  
    0.0 
  PI_LH = 0.0 0.0 0.0 0.0 0.0 0.0 0.0 0.0 0.0 0.0 0.0 0.0 0.0 0.0 0.0  
    0.0 0.0 0.0 0.0 0.0 0.0 0.0 0.0 0.0 0.0 0.0 0.0 0.0 0.0 0.0 0.0 0.0  
    0.0 0.0 0.0 0.0 0.0 0.0 0.0 0.0 0.0 0.0 0.0 0.0 0.0 0.0 0.0 0.0 0.0  
    0.0 0.0 0.0 0.0 0.0 0.0 0.0 0.0 0.0 0.0 0.0 0.0 0.0 0.0 0.0 0.0 0.0  
    0.0 0.0 0.0 0.0 0.0 0.0 0.0 0.0 0.0 0.0 0.0 0.0 0.0 0.0 0.0 0.0 0.0  
    0.0 0.0 0.0 0.0 0.0 0.0 0.0 0.0 0.0 0.0 0.0 0.0 0.0 0.0 0.0 0.0 0.0  
    0.0 
  PSI = 0.0 0.00015356172901852448 0.0006151644248811176  
    0.0013875426147870369 0.0024750991555622533 0.003883686667338307  
    0.00562031762571096 0.00769275551329711 0.01010904038639771  
    0.012877300924703435 0.016005317423132073 0.019500509384311533  
    0.02337043291088606 0.027622246456799456 0.03226320040279533  
    0.03729836789777292 0.04273510906209428 0.04857702991373474  
    0.05482697740441402 0.06148669937688191 0.06855620411677661  
    0.07603361392416265 0.08391529231863226 0.09219593414076237  
    0.10086848886661924 0.10992408702857033 0.11935215859366337  
    0.12914063948750173 0.1392760123012969 0.14974348365584597  
    0.16052670175473654 0.17160857252571715 0.18297097837414886  
    0.19459491353988229 0.2064610006795674 0.21854916571472213  
    0.23083934790622518 0.2433113546965016 0.255945137570224  
    0.2687214353265087 0.2816216165346072 0.29462840696770626  
    0.3077262550842591 0.3209013895421259 0.33414189862899707  
    0.3474376649650369 0.36077994605923724 0.37416106489249396  
    0.3875742249966877 0.4010131846043188 0.4144721074855224  
    0.4279455047736485 0.44142810670891364 0.45491474399212545  
    0.4684003412935985 0.48187992184868106 0.49534849640993545  
    0.5088010616155315 0.5222326249646096 0.5356382189662201  
    0.5490127906419168 0.5623512582062973 0.575648590940305  
    0.5888996874598212 0.6020993803797798 0.6152425506527803  
    0.6283240856141988 0.6413387640104524 0.6542814424505499  
    0.6671470303293248 0.6799303036437048 0.6926262255586174  
    0.7052297585457324 0.7177358070844677 0.7301396167942967  
    0.7424362629423906 0.7546211917289575 0.7666899505094187  
    0.7786382861002477 0.7904624319939452 0.8021587524574805  
    0.8137242873412484 0.8251561736745108 0.8364519749320866  
    0.8476091977534881 0.8586251160857477 0.8694968911036643  
    0.8802205476278577 0.8907917164092598 0.9012045986685152  
    0.9114513723470729 0.9215228775553862 0.9314076161430743  
    0.9410907088823139 0.9505544976017323 0.9597764149981913  
    0.9687256814923144 0.9773584421470354 0.9856056773757927  
    0.9933386001551247 1.0 
  TBEAM = 0.0 0.0 0.0 0.0 0.0 0.0 0.0 0.0 0.0 0.0 0.0 0.0 0.0 0.0 0.0  
    0.0 0.0 0.0 0.0 0.0 0.0 0.0 0.0 0.0 0.0 0.0 0.0 0.0 0.0 0.0 0.0 0.0  
    0.0 0.0 0.0 0.0 0.0 0.0 0.0 0.0 0.0 0.0 0.0 0.0 0.0 0.0 0.0 0.0 0.0  
    0.0 0.0 0.0 0.0 0.0 0.0 0.0 0.0 0.0 0.0 0.0 0.0 0.0 0.0 0.0 0.0 0.0  
    0.0 0.0 0.0 0.0 0.0 0.0 0.0 0.0 0.0 0.0 0.0 0.0 0.0 0.0 0.0 0.0 0.0  
    0.0 0.0 0.0 0.0 0.0 0.0 0.0 0.0 0.0 0.0 0.0 0.0 0.0 0.0 0.0 0.0 0.0  
    0.0 
  TALPHA = 0.0 0.0 0.0 0.0 0.0 0.0 0.0 0.0 0.0 0.0 0.0 0.0 0.0 0.0 0.0  
    0.0 0.0 0.0 0.0 0.0 0.0 0.0 0.0 0.0 0.0 0.0 0.0 0.0 0.0 0.0 0.0 0.0  
    0.0 0.0 0.0 0.0 0.0 0.0 0.0 0.0 0.0 0.0 0.0 0.0 0.0 0.0 0.0 0.0 0.0  
    0.0 0.0 0.0 0.0 0.0 0.0 0.0 0.0 0.0 0.0 0.0 0.0 0.0 0.0 0.0 0.0 0.0  
    0.0 0.0 0.0 0.0 0.0 0.0 0.0 0.0 0.0 0.0 0.0 0.0 0.0 0.0 0.0 0.0 0.0  
    0.0 0.0 0.0 0.0 0.0 0.0 0.0 0.0 0.0 0.0 0.0 0.0 0.0 0.0 0.0 0.0 0.0  
    0.0 
  PNBE = 2.661826422663359 
  PNBI = 2.809566543259014 
  PRFE = 0.0 
  PRFI = 0.0 
  PFUSE = 0.0 
  PFUSI = 0.0 
  PEI = 0.03639388064618874 
  PRAD = 0.0 
  AREA = 49.86610237 
  XMID = 0.9756543216979661 
  TE_PED = 0.45323072635984135 
  TE_XWID = 0.048691356604067836 
  TE_XMID = 0.9756543216979661 
  TI_PED = 0.4944335196652815 
  TI_XWID = 0.048691356604067836 
  TI_XMID = 0.9756543216979661 
  NE_XWID = 0.048691356604067836 
  NE_XMID = 0.9756543216979661 
/







